1 0.00808
2 0.00808
3 0.00808
4 0.008016
5 0.00808
6 0.008016
7 0.00808
8 0.008016
9 0.00808
10 0.008016
11 0.00808
12 0.008016
13 0.00808
14 0.008016
15 0.00808
16 0.008016
17 0.00808
18 0.008016
19 0.00808
20 0.008016
21 0.00808
22 0.008016
23 0.00808
24 0.008016
25 0.00808
26 0.008016
27 0.00808
28 0.008016
29 0.00808
30 0.008016
31 0.00808
32 0.008016
33 0.00808
34 0.008016
35 0.00808
36 0.008016
37 0.00808
38 0.008096
39 0.00808
40 0.00808
41 0.008016
42 0.00808
43 0.008096
44 0.008016
45 0.008016
46 0.00808
47 0.008016
48 0.00808
49 0.008016
50 0.008016
51 0.00808
52 0.008016
53 0.00808
54 0.008016
55 0.00808
56 0.008016
57 0.00808
58 0.008016
59 0.00808
60 0.008016
61 0.00808
62 0.008016
63 0.00808
64 0.008096
65 0.008016
66 0.00808
67 0.00808
68 0.008016
69 0.00808
70 0.008016
71 0.00808
72 0.008016
73 0.00808
74 0.008016
75 0.00808
76 0.008016
77 0.00808
78 0.008016
79 0.00808
80 0.008016
81 0.00808
82 0.008016
83 0.00808
84 0.00808
85 0.00808
86 0.008016
87 0.00808
88 0.008096
89 0.008016
90 0.00808
91 0.008016
92 0.00808
93 0.008016
94 0.008016
95 0.00808
96 0.008016
97 0.00808
98 0.008016
99 0.00808
100 0.008016
101 0.00808
102 0.008016
103 0.00808
104 0.008016
105 0.00808
106 0.008016
107 0.00808
108 0.008096
109 0.008016
110 0.00808
111 0.00808
112 0.008016
113 0.00808
114 0.008016
115 0.00808
116 0.008016
117 0.00808
118 0.008016
119 0.00808
120 0.008016
121 0.00808
122 0.008016
123 0.00808
124 0.008016
125 0.00808
126 0.008016
127 0.00808
128 0.008016
129 0.00808
130 0.008096
131 0.008016
132 0.00808
133 0.00808
134 0.008016
135 0.00808
136 0.008016
137 0.00808
138 0.008016
139 0.00808
140 0.008016
141 0.00808
142 0.008016
143 0.00808
144 0.008016
145 0.00808
146 0.008016
147 0.00808
148 0.008016
149 0.00808
150 0.008016
151 0.00808
152 0.008096
153 0.00808
154 0.00808
155 0.008016
156 0.008016
157 0.00808
158 0.008016
159 0.00808
160 0.008016
161 0.00808
162 0.008016
163 0.00808
164 0.008016
165 0.00808
166 0.008016
167 0.00808
168 0.008016
169 0.00808
170 0.008016
171 0.00808
172 0.008016
173 0.00808
174 0.008096
175 0.008016
176 0.00808
177 0.00808
178 0.008016
179 0.00808
180 0.008016
181 0.00808
182 0.00808
183 0.00808
184 0.008016
185 0.00808
186 0.008016
187 0.00808
188 0.008016
189 0.00808
190 0.008016
191 0.00808
192 0.008016
193 0.00808
194 0.008016
195 0.00808
196 0.008016
197 0.00808
198 0.008016
199 0.00808
200 0.008016
201 0.00808
202 0.008016
203 0.00808
204 0.008016
205 0.00808
206 0.008016
207 0.00808
208 0.008016
209 0.00808
210 0.008096
211 0.008016
212 0.00808
213 0.008016
214 0.00808
215 0.008016
216 0.008016
217 0.00808
218 0.008096
219 0.008016
220 0.0168
221 0.0168
222 0.0168
223 0.0168
224 0.0168
225 0.0168
226 0.0168
227 0.0168
228 0.0168
229 0.0168
230 0.0168
231 0.0168
232 0.0168
233 0.0168
234 0.0168
235 0.0168
236 0.0168
237 0.0168
238 0.0168
239 0.0168
240 0.0168
241 0.0168
242 0.0168
243 0.0168
244 0.0168
245 0.0168
246 0.0168
247 0.0168
248 0.0168
249 0.0168
250 0.0168
251 0.0168
252 0.0168
253 0.0168
254 0.0168
255 0.0168
256 0.0168
257 0.0168
258 0.0168
259 0.0168
260 0.0168
261 0.0168
262 0.0168
263 0.0168
264 0.0168
265 0.0168
266 0.0168
267 0.0168
268 0.0168
269 0.0168
270 0.0168
271 0.0168
272 0.0168
273 0.0168
274 0.0168
275 0.0168
276 0.0168
277 0.0168
278 0.0168
279 0.0168
280 0.0168
281 0.0168
282 0.0168
283 0.0168
284 0.0168
285 0.0168
286 0.0168
287 0.0168
288 0.0168
289 0.0168
290 0.0168
291 0.0168
292 0.0168
293 0.0168
294 0.0168
295 0.0168
296 0.0168
297 0.0168
298 0.0168
299 0.0168
300 0.0168
301 0.0168
302 0.0168
303 0.0168
304 0.0168
305 0.0168
306 0.0168
307 0.0168
308 0.0168
309 0.0168
310 0.0168
311 0.0168
312 0.0168
313 0.0168
314 0.0168
315 0.0168
316 0.0168
317 0.0168
318 0.0168
319 0.0168
320 0.0168
321 0.0168
322 0.0168
323 0.0168
324 0.0168
325 0.0168
326 0.0168
327 0.0168
328 0.0168
329 0.0168
330 0.0168
331 0.0168
332 0.0168
333 0.0168
334 0.0168
335 0.0168
336 0.0168
337 0.0168
338 0.0168
339 0.0168
340 0.0168
341 0.0168
342 0.0168
343 0.0168
344 0.0168
345 0.0168
346 0.0168
347 0.0168
348 0.0168
349 0.0168
350 0.0168
351 0.0168
352 0.0168
353 0.0168
354 0.0168
355 0.0168
356 0.0168
357 0.0168
358 0.0168
359 0.0168
360 0.0168
361 0.0168
362 0.0168
363 0.0168
364 0.0168
365 0.0168
366 0.0168
367 0.0168
368 0.0168
369 0.0168
370 0.0168
371 0.0168
372 0.0168
373 0.0168
374 0.0168
375 0.0168
376 0.0168
377 0.0168
378 0.0168
379 0.0168
380 0.0168
381 0.0168
382 0.0168
383 0.0168
384 0.0168
385 0.0168
386 0.0168
387 0.0168
388 0.0168
389 0.0168
390 0.0168
391 0.0168
392 0.0168
393 0.0168
394 0.0168
395 0.0168
396 0.0168
397 0.0168
398 0.0168
399 0.0168
400 0.0168
401 0.0168
402 0.0168
403 0.0168
404 0.0168
405 0.0168
406 0.0168
407 0.0168
408 0.0168
409 0.0168
410 0.0168
411 0.0168
412 0.0168
413 0.0168
414 0.0168
415 0.0168
416 0.0168
417 0.0168
418 0.0168
419 0.0168
420 0.0168
421 0.0168
422 0.0168
423 0.0168
424 0.0168
425 0.0168
426 0.0168
427 0.0168
428 0.0168
429 0.0168
430 0.0168
431 0.0168
432 0.0168
433 0.0168
434 0.0168
435 0.0168
436 0.0168
437 0.0168
438 0.0168
439 0.0168
440 0.0168
441 0.0168
442 0.0168
443 0.0168
444 0.0168
445 0.0168
446 0.0168
447 0.0168
448 0.0168
449 0.0168
450 0.0168
451 0.0168
452 0.0168
453 0.0168
454 0.0168
455 0.0168
456 0.0168
457 0.0168
458 0.0168
459 0.0168
460 0.0168
461 0.0168
462 0.0168
463 0.0168
464 0.0168
465 0.0168
466 0.0168
467 0.0168
468 0.0168
469 0.0168
470 0.0168
471 0.0168
472 0.0168
473 0.0168
474 0.0168
475 0.0168
476 0.0168
477 0.0168
478 0.0168
479 0.0168
480 0.0168
481 0.0168
482 0.0168
483 0.0168
484 0.0168
485 0.0168
486 0.0168
487 0.0168
488 0.0168
489 0.0168
490 0.0168
491 0.0168
492 0.0168
493 0.0168
494 0.0168
495 0.0168
496 0.0168
497 0.0168
498 0.0168
499 0.0168
500 0.0168
501 0.0168
502 0.0168
503 0.0168
504 0.0168
505 0.0168
506 0.0168
507 0.0168
508 0.0168
509 0.0168
510 0.0168
511 0.0168
512 0.0168
513 0.0168
514 0.0168
515 0.0168
516 0.0168
517 0.0168
518 0.0168
519 0.0168
520 0.0168
521 0.0168
522 0.0168
523 0.0168
524 0.0168
525 0.0168
526 0.0168
527 0.0168
528 0.0168
529 0.0168
530 0.0168
531 0.0168
532 0.0168
533 0.0168
534 0.0168
535 0.0168
536 0.0168
537 0.0168
538 0.0168
539 0.0168
540 0.0168
541 0.0168
542 0.0168
543 0.0168
544 0.0168
545 0.0168
546 0.0168
547 0.0168
548 0.0168
549 0.0168
550 0.0168
551 0.0168
552 0.0168
553 0.0168
554 0.0168
555 0.0168
556 0.0168
557 0.0168
558 0.0168
559 0.0168
560 0.0168
561 0.0168
562 0.0168
563 0.0168
564 0.0168
565 0.0168
566 0.0168
567 0.0168
568 0.0168
569 0.0168
570 0.0168
571 0.0168
572 0.0168
573 0.0168
574 0.0168
575 0.0168
576 0.0168
577 0.0168
578 0.0168
579 0.0168
580 0.0168
581 0.0168
582 0.0168
583 0.0168
584 0.0168
585 0.0168
586 0.0168
587 0.0168
588 0.0168
589 0.0168
590 0.0168
591 0.0168
592 0.0168
593 0.0168
594 0.0168
595 0.0168
596 0.0168
597 0.0168
598 0.0168
599 0.0168
600 0.0168
601 0.0168
602 0.0168
603 0.0168
604 0.0168
605 0.0168
606 0.0168
607 0.0168
608 0.0168
609 0.0168
610 0.0168
611 0.0168
612 0.0168
613 0.0168
614 0.0168
615 0.0168
616 0.0168
617 0.0168
618 0.0168
619 0.0168
620 0.0168
621 0.0168
622 0.0168
623 0.0168
624 0.0168
625 0.0168
626 0.0168
627 0.0168
628 0.0168
629 0.0168
630 0.0168
631 0.0168
632 0.0168
633 0.0168
634 0.0168
635 0.0168
636 0.0168
637 0.0168
638 0.0168
639 0.0168
640 0.0168
641 0.0168
642 0.0168
643 0.0168
644 0.0168
645 0.0168
646 0.0168
647 0.0168
648 0.0168
649 0.0168
650 0.0168
651 0.0168
652 0.0168
653 0.0168
654 0.0168
655 0.0168
656 0.0168
657 0.0168
658 0.0168
659 0.0168
660 0.0168
661 0.0168
662 0.0168
663 0.0168
664 0.0168
665 0.0168
666 0.0168
667 0.0168
668 0.0168
669 0.0168
670 0.0168
671 0.0168
672 0.0168
673 0.0168
674 0.0168
675 0.0168
676 0.0168
677 0.0168
678 0.0168
679 0.0168
680 0.0168
681 0.0168
682 0.0168
683 0.0168
684 0.0168
685 0.0168
686 0.0168
687 0.0168
688 0.0168
689 0.0168
690 0.0168
691 0.0168
692 0.0168
693 0.0168
694 0.0168
695 0.0168
696 0.0168
697 0.0168
698 0.0168
699 0.0168
700 0.0168
701 0.0168
702 0.0168
703 0.0168
704 0.0168
705 0.0168
706 0.0168
707 0.0168
708 0.0168
709 0.0168
710 0.0168
711 0.0168
712 0.0168
713 0.0168
714 0.0168
715 0.0168
716 0.0168
717 0.0168
718 0.0168
719 0.0168
720 0.0168
721 0.0168
722 0.0168
723 0.0168
724 0.0168
725 0.0168
726 0.0168
727 0.0168
728 0.0168
729 0.0168
730 0.0168
731 0.0168
732 0.0168
733 0.0168
734 0.0168
735 0.0168
736 0.0168
737 0.0168
738 0.0168
739 0.0168
740 0.0168
741 0.0168
742 0.0168
743 0.0168
744 0.0168
745 0.0168
746 0.0168
747 0.0168
748 0.0168
749 0.0168
750 0.0168
751 0.0168
752 0.0168
753 0.0168
754 0.0168
755 0.0168
756 0.0168
757 0.0168
758 0.0168
759 0.0168
760 0.0168
761 0.0168
762 0.0168
763 0.0168
764 0.0168
765 0.0168
766 0.0168
767 0.0168
768 0.0168
769 0.0168
770 0.0168
771 0.0168
772 0.0168
773 0.0168
774 0.0168
775 0.0168
776 0.0168
777 0.0168
778 0.0168
779 0.0168
780 0.006667
781 0.004
782 0.001333
783 0.00808
784 0.00808
785 0.0672
786 0.0672
787 0.0672
788 0.008016
789 0.00808
790 0.008016
791 0.00808
792 0.0672
793 0.0672
794 0.0672
795 0.008016
796 0.00808
797 0.008016
798 0.00808
799 0.0672
800 0.0672
801 0.0672
802 0.008016
803 0.00808
804 0.008016
805 0.00808
806 0.0672
807 0.0672
808 0.0672
809 0.008016
810 0.00808
811 0.008016
812 0.00808
813 0.0672
814 0.0672
815 0.0672
816 0.008016
817 0.00808
818 0.008283
819 0.00808
820 0.0672
821 0.0672
822 0.0672
823 0.008016
824 0.00808
825 0.008016
826 0.00808
827 0.0672
828 0.0672
829 0.0672
830 0.008016
831 0.00808
832 0.008016
833 0.00808
834 0.0672
835 0.0672
836 0.0672
837 0.008016
838 0.00808
839 0.008016
840 0.00808
841 0.0672
842 0.0672
843 0.0672
844 0.008016
845 0.008016
846 0.0672
847 0.0672
848 0.0672
849 0.0672
850 0.0672
851 0.0672
852 0.0672
853 0.0672
854 0.0672
855 0.0672
856 0.0672
857 0.0672
858 0.0672
859 0.0672
860 0.0672
861 0.0672
862 0.0672
863 0.0672
864 0.0672
865 0.0672
866 0.0672
867 0.0672
868 0.0672
869 0.0672
870 0.0672
871 0.0672
872 0.0672
873 0.0672
874 0.0672
875 0.0672
876 0.0672
877 0.0672
878 0.0672
879 0.0672
880 0.0672
881 0.0672
882 0.0672
883 0.0672
884 0.0672
885 0.0672
886 0.0672
887 0.0672
888 0.0672
889 0.0672
890 0.0672
891 0.0672
892 0.0672
893 0.0672
894 0.0672
895 0.0672
896 0.0672
897 0.0672
898 0.0672
899 0.0672
900 0.0672
901 0.0672
902 0.0672
903 0.0672
904 0.0672
905 0.0672
906 0.0672
907 0.0672
908 0.0672
909 0.0672
910 0.0672
911 0.0672
912 0.0672
913 0.0672
914 0.0672
915 0.0672
916 0.0672
917 0.0672
918 0.0672
919 0.0672
920 0.0672
921 0.0672
922 0.0672
923 0.0672
924 0.0672
925 0.0672
926 0.0672
927 0.0672
928 0.0672
929 0.0672
930 0.0672
931 0.0672
932 0.0672
933 0.0672
934 0.0672
935 0.0672
936 0.0672
937 0.0672
938 0.0672
939 0.0672
940 0.0672
941 0.0672
942 0.0672
943 0.0672
944 0.0672
945 0.0672
946 0.0672
947 0.0672
948 0.0672
949 0.0672
950 0.0672
951 0.0672
952 0.0672
953 0.0672
954 0.0672
955 0.0672
956 0.0672
957 0.0672
958 0.0672
959 0.0672
960 0.0672
961 0.0672
962 0.0672
963 0.0672
964 0.0672
965 0.0672
966 0.0672
967 0.0672
968 0.0672
969 0.0672
970 0.0672
971 0.0672
972 0.0672
973 0.0672
974 0.0672
975 0.0672
976 0.0672
977 0.0672
978 0.0672
979 0.0672
980 0.0672
981 0.0672
982 0.0672
983 0.0672
984 0.0672
985 0.0672
986 0.0672
987 0.0672
988 0.0672
989 0.0672
990 0.0672
991 0.0672
992 0.0672
993 0.0672
994 0.0672
995 0.0672
996 0.0672
997 0.0672
998 0.0672
999 0.0672
1000 0.0672
1001 0.0672
1002 0.0672
1003 0.0672
1004 0.0672
1005 0.0672
1006 0.0672
1007 0.0672
1008 0.0672
1009 0.0672
1010 0.0672
1011 0.0672
1012 0.0672
1013 0.0672
1014 0.0672
1015 0.0672
1016 0.0672
1017 0.0672
1018 0.0672
1019 0.0672
1020 0.0672
1021 0.0672
1022 0.0672
1023 0.0672
1024 0.0672
1025 0.0672
1026 0.0672
1027 0.0672
1028 0.0672
1029 0.0672
1030 0.0672
1031 0.0672
1032 0.0672
1033 0.0672
1034 0.0672
1035 0.0672
1036 0.0672
1037 0.0672
1038 0.0672
1039 0.0672
1040 0.0672
1041 0.0672
1042 0.0672
1043 0.0672
1044 0.0672
1045 0.0672
1046 0.0672
1047 0.0672
1048 0.0672
1049 0.0672
1050 0.0672
1051 0.0672
1052 0.0672
1053 0.0672
1054 0.0672
1055 0.0672
1056 0.0672
1057 0.0672
1058 0.0672
1059 0.0672
1060 0.0672
1061 0.0672
1062 0.0672
1063 0.0672
1064 0.0672
1065 0.0672
1066 0.0672
1067 0.0672
1068 0.0672
1069 0.0672
1070 0.0672
1071 0.0672
1072 0.0672
1073 0.0672
1074 0.0672
1075 0.0672
1076 0.0672
1077 0.0672
1078 0.0672
1079 0.0672
1080 0.0672
1081 0.0672
1082 0.0672
1083 0.0672
1084 0.0672
1085 0.0672
1086 0.0672
1087 0.0672
1088 0.0672
1089 0.0672
1090 0.0672
1091 0.0672
1092 0.0672
1093 0.0672
1094 0.0672
1095 0.0672
1096 0.0672
1097 0.0672
1098 0.0672
1099 0.0672
1100 0.0672
1101 0.0672
1102 0.0672
1103 0.0672
1104 0.0672
1105 0.0672
1106 0.0672
1107 0.0672
1108 0.0672
1109 0.0672
1110 0.0672
1111 0.0672
1112 0.0672
1113 0.0672
1114 0.0672
1115 0.0672
1116 0.0672
1117 0.0672
1118 0.0672
1119 0.0672
1120 0.0672
1121 0.0672
1122 0.0672
1123 0.0672
1124 0.0672
1125 0.0672
1126 0.0672
1127 0.0672
1128 0.0672
1129 0.0672
1130 0.0672
1131 0.0672
1132 0.0672
1133 0.0672
1134 0.0672
1135 0.0672
1136 0.0672
1137 0.0672
1138 0.0672
1139 0.0672
1140 0.0672
1141 0.0672
1142 0.0672
1143 0.0672
1144 0.0672
1145 0.0672
1146 0.0672
1147 0.0672
1148 0.0672
1149 0.0672
1150 0.0672
1151 0.0672
1152 0.0672
1153 0.0672
1154 0.0672
1155 0.0672
1156 0.0672
1157 0.0672
1158 0.0672
1159 0.0672
1160 0.0672
1161 0.0672
1162 0.0672
1163 0.0672
1164 0.0672
1165 0.0672
1166 0.0672
1167 0.0672
1168 0.0672
1169 0.0672
1170 0.0672
1171 0.0672
1172 0.0672
1173 0.0672
1174 0.0672
1175 0.0672
1176 0.0672
1177 0.0672
1178 0.0672
1179 0.0672
1180 0.0672
1181 0.0672
1182 0.0672
1183 0.0672
1184 0.0672
1185 0.0672
1186 0.0672
1187 0.0672
1188 0.0672
1189 0.0672
1190 0.0672
1191 0.0672
1192 0.0672
1193 0.0672
1194 0.0672
1195 0.0672
1196 0.0672
1197 0.0672
1198 0.0672
1199 0.0672
1200 0.0672
1201 0.0672
1202 0.0672
1203 0.0672
1204 0.0672
1205 0.0672
1206 0.0672
1207 0.0672
1208 0.0672
1209 0.0672
1210 0.0672
1211 0.0672
1212 0.0672
1213 0.0672
1214 0.0672
1215 0.0672
1216 0.0672
1217 0.0672
1218 0.0672
1219 0.0672
1220 0.0672
1221 0.0672
1222 0.0672
1223 0.0672
1224 0.0672
1225 0.0672
1226 0.0672
1227 0.0672
1228 0.0672
1229 0.0672
1230 0.0672
1231 0.0672
1232 0.0672
1233 0.0672
1234 0.0672
1235 0.0672
1236 0.0672
1237 0.0672
1238 0.0672
1239 0.0672
1240 0.0672
1241 0.0672
1242 0.0672
1243 0.0672
1244 0.0672
1245 0.0672
1246 0.0672
1247 0.0672
1248 0.0672
1249 0.0672
1250 0.0672
1251 0.0672
1252 0.0672
1253 0.0672
1254 0.0672
1255 0.0672
1256 0.0672
1257 0.0672
1258 0.0672
1259 0.0672
1260 0.0672
1261 0.0672
1262 0.0672
1263 0.0672
1264 0.0672
1265 0.0672
1266 0.0672
1267 0.0672
1268 0.0672
1269 0.0672
1270 0.0672
1271 0.0672
1272 0.0672
1273 0.0672
1274 0.0672
1275 0.0672
1276 0.0672
1277 0.0672
1278 0.0672
1279 0.0672
1280 0.0672
1281 0.0672
1282 0.0672
1283 0.0672
1284 0.0672
1285 0.0672
1286 0.0672
1287 0.0672
1288 0.0672
1289 0.0672
1290 0.0672
1291 0.0672
1292 0.0672
1293 0.0672
1294 0.0672
1295 0.0672
1296 0.0672
1297 0.0672
1298 0.0672
1299 0.0672
1300 0.0672
1301 0.0672
1302 0.0672
1303 0.0672
1304 0.0672
1305 0.0672
1306 0.0672
1307 0.0672
1308 0.0672
1309 0.0672
1310 0.0672
1311 0.0672
1312 0.0672
1313 0.0672
1314 0.0672
1315 0.0672
1316 0.0672
1317 0.0672
1318 0.0672
1319 0.0672
1320 0.0672
1321 0.0672
1322 0.0672
1323 0.0672
1324 0.0672
1325 0.0672
1326 0.0672
1327 0.0672
1328 0.0672
1329 0.0672
1330 0.0672
1331 0.0672
1332 0.0672
1333 0.0672
1334 0.0672
1335 0.0672
1336 0.0672
1337 0.0672
1338 0.0672
1339 0.0672
1340 0.0672
1341 0.0672
1342 0.0672
1343 0.0672
1344 0.0672
1345 0.0672
1346 0.0672
1347 0.0672
1348 0.0672
1349 0.0672
1350 0.0672
1351 0.0672
1352 0.0672
1353 0.0672
1354 0.0672
1355 0.0672
1356 0.0672
1357 0.0672
1358 0.0672
1359 0.0672
1360 0.0672
1361 0.0672
1362 0.0672
1363 0.0672
1364 0.0672
1365 0.0672
1366 0.0672
1367 0.0672
1368 0.0672
1369 0.0672
1370 0.0672
1371 0.0672
1372 0.0672
1373 0.0672
1374 0.0672
1375 0.0672
1376 0.0672
1377 0.0672
1378 0.0672
1379 0.0672
1380 0.0672
1381 0.0672
1382 0.0672
1383 0.0672
1384 0.0672
1385 0.0672
1386 0.0672
1387 0.0672
1388 0.0672
1389 0.0672
1390 0.0672
1391 0.0672
1392 0.0672
1393 0.0672
1394 0.0672
1395 0.0672
1396 0.0672
1397 0.0672
1398 0.0672
1399 0.0672
1400 0.0672
1401 0.0672
1402 0.0672
1403 0.0672
1404 0.0672
1405 0.0672
1406 0.0672
1407 0.0672
1408 0.0672
1409 0.0672
1410 0.0672
1411 0.0672
1412 0.0672
1413 0.0672
1414 0.0672
1415 0.0672
1416 0.0672
1417 0.0672
1418 0.0672
1419 0.0672
1420 0.0672
1421 0.0672
1422 0.0672
1423 0.0672
1424 0.0672
1425 0.0672
1426 0.0672
1427 0.0672
1428 0.0672
1429 0.0672
1430 0.0672
1431 0.0672
1432 0.0672
1433 0.0672
1434 0.0672
1435 0.0672
1436 0.0672
1437 0.0672
1438 0.0672
1439 0.0672
1440 0.0672
1441 0.0672
1442 0.0672
1443 0.0672
1444 0.0672
1445 0.0672
1446 0.0672
1447 0.0672
1448 0.0672
1449 0.0672
1450 0.0672
1451 0.0672
1452 0.0672
1453 0.0672
1454 0.0672
1455 0.0672
1456 0.0672
1457 0.0672
1458 0.0672
1459 0.0672
1460 0.0672
1461 0.0672
1462 0.0672
1463 0.0672
1464 0.0672
1465 0.0672
1466 0.0672
1467 0.0672
1468 0.0672
1469 0.0672
1470 0.0672
1471 0.0672
1472 0.0672
1473 0.0672
1474 0.0672
1475 0.0672
1476 0.0672
1477 0.0672
1478 0.0672
1479 0.0672
1480 0.0672
1481 0.0672
1482 0.0672
1483 0.0672
1484 0.0672
1485 0.0672
1486 0.0672
1487 0.0672
1488 0.0672
1489 0.0672
1490 0.0672
1491 0.0672
1492 0.0672
1493 0.0672
1494 0.0672
1495 0.0672
1496 0.0672
1497 0.0672
1498 0.0672
1499 0.0672
1500 0.0672
1501 0.0672
1502 0.0672
1503 0.0672
1504 0.0672
1505 0.0672
1506 0.0672
1507 0.0672
1508 0.0672
1509 0.0672
1510 0.0672
1511 0.0672
1512 0.0672
1513 0.0672
1514 0.0672
1515 0.0672
1516 0.0672
1517 0.0672
1518 0.0672
1519 0.0672
1520 0.0672
1521 0.0672
1522 0.0672
1523 0.0672
1524 0.0672
1525 0.0672
1526 0.0672
1527 0.0672
1528 0.0672
1529 0.0672
1530 0.0672
1531 0.0672
1532 0.0672
1533 0.0672
1534 0.0672
1535 0.0672
1536 0.0672
1537 0.0672
1538 0.0672
1539 0.0672
1540 0.0672
1541 0.0672
1542 0.0672
1543 0.0672
1544 0.0672
1545 0.0672
1546 0.0672
1547 0.0672
1548 0.0672
1549 0.0672
1550 0.0672
1551 0.0672
1552 0.0672
1553 0.0672
1554 0.0672
1555 0.0672
1556 0.0672
1557 0.0672
1558 0.0672
1559 0.0672
1560 0.0672
1561 0.0672
1562 0.0672
1563 0.0672
1564 0.0672
1565 0.0672
1566 0.0672
1567 0.0672
1568 0.0672
1569 0.0672
1570 0.0672
1571 0.0672
1572 0.0672
1573 0.0672
1574 0.0672
1575 0.0672
1576 0.0672
1577 0.0672
1578 0.0672
1579 0.0672
1580 0.0672
1581 0.0672
1582 0.0672
1583 0.0672
1584 0.0672
1585 0.0672
1586 0.0672
1587 0.0672
1588 0.0672
1589 0.0672
1590 0.0672
1591 0.0672
1592 0.0672
1593 0.0672
1594 0.0672
1595 0.0672
1596 0.0672
1597 0.0672
1598 0.0672
1599 0.0672
1600 0.0672
1601 0.0672
1602 0.0672
1603 0.0672
1604 0.0672
1605 0.0672
1606 0.0672
1607 0.0672
1608 0.0672
1609 0.0672
1610 0.0672
1611 0.0672
1612 0.0672
1613 0.0672
1614 0.0672
1615 0.0672
1616 0.0672
1617 0.0672
1618 0.0672
1619 0.0672
1620 0.0672
1621 0.0672
1622 0.0672
1623 0.0672
1624 0.0672
1625 0.0672
1626 0.0672
1627 0.0672
1628 0.0672
1629 0.0672
1630 0.0672
1631 0.0672
1632 0.0672
1633 0.0672
1634 0.0672
1635 0.0672
1636 0.0672
1637 0.0672
1638 0.0672
1639 0.0672
1640 0.0672
1641 0.0672
1642 0.0672
1643 0.0672
1644 0.0672
1645 0.0672
1646 0.0672
1647 0.0672
1648 0.0672
1649 0.0672
1650 0.0672
1651 0.0672
1652 0.0672
1653 0.0672
1654 0.0672
1655 0.0672
1656 0.0672
1657 0.0672
1658 0.0672
1659 0.0672
1660 0.0672
1661 0.0672
1662 0.0672
1663 0.0672
1664 0.0672
1665 0.0672
1666 0.0672
1667 0.0672
1668 0.0672
1669 0.0672
1670 0.0672
1671 0.0672
1672 0.0672
1673 0.0672
1674 0.0672
1675 0.0672
1676 0.0672
1677 0.0672
1678 0.0672
1679 0.0672
1680 0.0672
1681 0.0672
1682 0.0672
1683 0.0672
1684 0.0672
1685 0.0672
1686 0.0672
1687 0.0672
1688 0.0672
1689 0.0672
1690 0.0672
1691 0.0672
1692 0.0672
1693 0.0672
1694 0.0672
1695 0.0672
1696 0.0672
1697 0.0672
1698 0.0672
1699 0.0672
1700 0.0672
1701 0.0672
1702 0.0672
1703 0.0672
1704 0.0672
1705 0.0672
1706 0.0672
1707 0.0672
1708 0.0672
1709 0.0672
1710 0.0672
1711 0.0672
1712 0.0672
1713 0.0672
1714 0.0672
1715 0.0672
1716 0.0672
1717 0.0672
1718 0.0672
1719 0.0672
1720 0.0672
1721 0.0672
1722 0.0672
1723 0.0672
1724 0.0672
1725 0.0672
1726 0.0672
1727 0.0672
1728 0.0672
1729 0.0672
1730 0.0672
1731 0.0672
1732 0.0672
1733 0.0672
1734 0.0672
1735 0.0672
1736 0.0672
1737 0.0672
1738 0.0672
1739 0.0672
1740 0.0672
1741 0.0672
1742 0.0672
1743 0.0672
1744 0.0672
1745 0.0672
1746 0.0672
1747 0.0672
1748 0.0672
1749 0.0672
1750 0.0672
1751 0.0672
1752 0.0672
1753 0.0672
1754 0.0672
1755 0.0672
1756 0.0672
1757 0.0672
1758 0.0672
1759 0.0672
1760 0.0672
1761 0.0672
1762 0.0672
1763 0.0672
1764 0.0672
1765 0.0672
1766 0.0672
1767 0.0672
1768 0.0672
1769 0.0672
1770 0.0672
1771 0.0672
1772 0.0672
1773 0.0672
1774 0.0672
1775 0.0672
1776 0.0672
1777 0.0672
1778 0.0672
1779 0.0672
1780 0.0672
1781 0.0672
1782 0.0672
1783 0.0672
1784 0.0672
1785 0.0672
1786 0.0672
1787 0.0672
1788 0.0672
1789 0.0672
1790 0.0672
1791 0.0672
1792 0.0672
1793 0.0672
1794 0.0672
1795 0.0672
1796 0.0672
1797 0.0672
1798 0.0672
1799 0.0672
1800 0.0672
1801 0.0672
1802 0.0672
1803 0.0672
1804 0.0672
1805 0.0672
1806 0.0672
1807 0.0672
1808 0.0672
1809 0.0672
1810 0.0672
1811 0.0672
1812 0.0672
1813 0.0672
1814 0.0672
1815 0.0672
1816 0.0672
1817 0.0672
1818 0.0672
1819 0.0672
1820 0.0672
1821 0.0672
1822 0.0672
1823 0.0672
1824 0.0672
1825 0.0672
1826 0.0672
1827 0.0672
1828 0.0672
1829 0.0672
1830 0.0672
1831 0.0672
1832 0.0672
1833 0.0672
1834 0.0672
1835 0.0672
1836 0.0672
1837 0.0672
1838 0.0672
1839 0.0672
1840 0.0672
1841 0.0672
1842 0.0672
1843 0.0672
1844 0.0672
1845 0.0672
1846 0.0672
1847 0.0672
1848 0.0672
1849 0.0672
1850 0.0672
1851 0.0672
1852 0.0672
1853 0.0672
1854 0.0672
1855 0.0672
1856 0.0672
1857 0.0672
1858 0.0672
1859 0.0672
1860 0.0672
1861 0.0672
1862 0.0672
1863 0.0672
1864 0.0672
1865 0.0672
1866 0.0672
1867 0.0672
1868 0.0672
1869 0.0672
1870 0.0672
1871 0.0672
1872 0.0672
1873 0.0672
1874 0.0672
1875 0.0672
1876 0.0672
1877 0.0672
1878 0.0672
1879 0.0672
1880 0.0672
1881 0.0672
1882 0.0672
1883 0.0672
1884 0.0672
1885 0.0672
1886 0.0672
1887 0.0672
1888 0.0672
1889 0.0672
1890 0.0672
1891 0.0672
1892 0.0672
1893 0.0672
1894 0.0672
1895 0.0672
1896 0.0672
1897 0.0672
1898 0.0672
1899 0.0672
1900 0.0672
1901 0.0672
1902 0.0672
1903 0.0672
1904 0.0672
1905 0.0672
1906 0.0672
1907 0.0672
1908 0.0672
1909 0.0672
1910 0.0672
1911 0.0672
1912 0.0672
1913 0.0672
1914 0.0672
1915 0.0672
1916 0.0672
1917 0.0672
1918 0.0672
1919 0.0672
1920 0.0672
1921 0.0672
1922 0.0672
1923 0.0672
1924 0.0672
1925 0.0672
1926 0.0672
1927 0.0672
1928 0.0672
1929 0.0672
1930 0.0672
1931 0.0672
1932 0.0672
1933 0.0672
1934 0.0672
1935 0.0672
1936 0.0672
1937 0.0672
1938 0.0672
1939 0.0672
1940 0.0672
1941 0.0672
1942 0.0672
1943 0.0672
1944 0.00808
1945 0.00808
1946 0.00824
1947 0.00808
1948 0.00808
1949 0.00824
1950 0.0168
1951 0.0168
1952 0.0168
1953 0.008016
1954 0.00808
1955 0.008016
1956 0.00808
1957 0.008016
1958 0.00808
1959 0.008016
1960 0.00808
1961 0.008016
1962 0.008016
1963 0.0168
1964 0.0168
1965 0.0168
1966 0.008016
1967 0.00808
1968 0.008016
1969 0.00808
1970 0.008016
1971 0.00808
1972 0.008016
1973 0.00808
1974 0.0168
1975 0.0168
1976 0.0168
1977 0.008016
1978 0.008107
1979 0.008016
1980 0.00808
1981 0.008016
1982 0.00808
1983 0.008016
1984 0.00808
1985 0.0168
1986 0.0168
1987 0.0168
1988 0.008016
1989 0.00808
1990 0.008016
1991 0.00808
1992 0.008016
1993 0.00808
1994 0.008016
1995 0.0084
1996 0.0168
1997 0.0168
1998 0.0168
1999 0.008016
2000 0.00808
2001 0.008016
2002 0.00808
2003 0.008096
2004 0.008016
2005 0.0168
2006 0.0168
2007 0.0168
2008 0.008016
2009 0.008016
2010 0.0168
2011 0.0168
2012 0.0168
2013 0.0168
2014 0.0168
2015 0.0168
2016 0.0168
2017 0.0168
2018 0.0168
2019 0.0168
2020 0.0168
2021 0.0168
2022 0.0168
2023 0.0168
2024 0.0168
2025 0.0168
2026 0.0168
2027 0.0168
2028 0.0168
2029 0.0168
2030 0.0168
2031 0.0168
2032 0.0168
2033 0.0168
2034 0.0168
2035 0.0168
2036 0.0168
2037 0.0168
2038 0.0168
2039 0.0168
2040 0.0168
2041 0.0168
2042 0.0168
2043 0.0168
2044 0.0168
2045 0.0168
2046 0.0168
2047 0.0168
2048 0.0168
2049 0.0168
2050 0.0168
2051 0.0168
2052 0.0168
2053 0.0168
2054 0.0168
2055 0.0168
2056 0.0168
2057 0.0168
2058 0.0168
2059 0.0168
2060 0.0168
2061 0.0168
2062 0.0168
2063 0.0168
2064 0.0168
2065 0.0168
2066 0.0168
2067 0.0168
2068 0.0168
2069 0.0168
2070 0.0168
2071 0.0168
2072 0.0168
2073 0.0168
2074 0.0168
2075 0.0168
2076 0.0168
2077 0.0168
2078 0.0168
2079 0.0168
2080 0.0168
2081 0.0168
2082 0.0168
2083 0.0168
2084 0.0168
2085 0.0168
2086 0.0168
2087 0.0168
2088 0.0168
2089 0.0168
2090 0.0168
2091 0.0168
2092 0.0168
2093 0.0168
2094 0.0168
2095 0.0168
2096 0.0168
2097 0.0168
2098 0.0168
2099 0.0168
2100 0.0168
2101 0.0168
2102 0.0168
2103 0.0168
2104 0.0168
2105 0.0168
2106 0.0168
2107 0.0168
2108 0.0168
2109 0.0168
2110 0.0168
2111 0.0168
2112 0.0168
2113 0.0168
2114 0.0168
2115 0.0168
2116 0.0168
2117 0.0168
2118 0.0168
2119 0.0168
2120 0.0168
2121 0.0168
2122 0.0168
2123 0.0168
2124 0.0168
2125 0.0168
2126 0.0168
2127 0.0168
2128 0.0168
2129 0.0168
2130 0.0168
2131 0.0168
2132 0.0168
2133 0.0168
2134 0.0168
2135 0.0168
2136 0.0168
2137 0.0168
2138 0.0168
2139 0.0168
2140 0.0168
2141 0.0168
2142 0.0168
2143 0.0168
2144 0.0168
2145 0.0168
2146 0.0168
2147 0.0168
2148 0.0168
2149 0.0168
2150 0.0168
2151 0.0168
2152 0.0168
2153 0.0168
2154 0.0168
2155 0.0168
2156 0.0168
2157 0.0168
2158 0.0168
2159 0.0168
2160 0.0168
2161 0.0168
2162 0.0168
2163 0.0168
2164 0.0168
2165 0.0168
2166 0.0168
2167 0.0168
2168 0.0168
2169 0.0168
2170 0.0168
2171 0.0168
2172 0.0168
2173 0.0168
2174 0.0168
2175 0.0168
2176 0.0168
2177 0.0168
2178 0.0168
2179 0.0168
2180 0.0168
2181 0.0168
2182 0.0168
2183 0.0168
2184 0.0168
2185 0.0168
2186 0.0168
2187 0.0168
2188 0.0168
2189 0.0168
2190 0.0168
2191 0.0168
2192 0.0168
2193 0.0168
2194 0.0168
2195 0.0168
2196 0.0168
2197 0.0168
2198 0.0168
2199 0.0168
2200 0.0168
2201 0.0168
2202 0.0168
2203 0.0168
2204 0.0168
2205 0.0168
2206 0.0168
2207 0.0168
2208 0.0168
2209 0.0168
2210 0.0168
2211 0.0168
2212 0.0168
2213 0.0168
2214 0.0168
2215 0.0168
2216 0.0168
2217 0.0168
2218 0.0168
2219 0.0168
2220 0.0168
2221 0.0168
2222 0.0168
2223 0.0168
2224 0.0168
2225 0.0168
2226 0.0168
2227 0.0168
2228 0.0168
2229 0.0168
2230 0.0168
2231 0.0168
2232 0.0168
2233 0.0168
2234 0.0168
2235 0.0168
2236 0.0168
2237 0.0168
2238 0.0168
2239 0.0168
2240 0.0168
2241 0.0168
2242 0.0168
2243 0.0168
2244 0.0168
2245 0.0168
2246 0.0168
2247 0.0168
2248 0.0168
2249 0.0168
2250 0.0168
2251 0.0168
2252 0.0168
2253 0.0168
2254 0.0168
2255 0.0168
2256 0.0168
2257 0.0168
2258 0.0168
2259 0.0168
2260 0.0168
2261 0.0168
2262 0.0168
2263 0.0168
2264 0.0168
2265 0.0168
2266 0.0168
2267 0.0168
2268 0.0168
2269 0.0168
2270 0.0168
2271 0.0168
2272 0.0168
2273 0.0168
2274 0.0168
2275 0.0168
2276 0.0168
2277 0.0168
2278 0.0168
2279 0.0168
2280 0.0168
2281 0.0168
2282 0.0168
2283 0.0168
2284 0.0168
2285 0.0168
2286 0.0168
2287 0.0168
2288 0.0168
2289 0.0168
2290 0.0168
2291 0.0168
2292 0.0168
2293 0.0168
2294 0.0168
2295 0.0168
2296 0.0168
2297 0.0168
2298 0.0168
2299 0.0168
2300 0.0168
2301 0.0168
2302 0.0168
2303 0.0168
2304 0.0168
2305 0.0168
2306 0.0168
2307 0.0168
2308 0.0168
2309 0.0168
2310 0.0168
2311 0.0168
2312 0.0168
2313 0.0168
2314 0.0168
2315 0.0168
2316 0.0168
2317 0.0168
2318 0.0168
2319 0.0168
2320 0.0168
2321 0.0168
2322 0.0168
2323 0.0168
2324 0.0168
2325 0.0168
2326 0.0168
2327 0.0168
2328 0.0168
2329 0.0168
2330 0.0168
2331 0.0168
2332 0.0168
2333 0.0168
2334 0.0168
2335 0.0168
2336 0.0168
2337 0.0168
2338 0.0168
2339 0.0168
2340 0.0168
2341 0.0168
2342 0.0168
2343 0.0168
2344 0.0168
2345 0.0168
2346 0.0168
2347 0.0168
2348 0.0168
2349 0.0168
2350 0.0168
2351 0.0168
2352 0.0168
2353 0.0168
2354 0.0168
2355 0.0168
2356 0.0168
2357 0.0168
2358 0.0168
2359 0.0168
2360 0.0168
2361 0.0168
2362 0.0168
2363 0.0168
2364 0.0168
2365 0.0168
2366 0.0168
2367 0.0168
2368 0.0168
2369 0.0168
2370 0.0168
2371 0.0168
2372 0.0168
2373 0.0168
2374 0.0168
2375 0.0168
2376 0.0168
2377 0.0168
2378 0.0168
2379 0.0168
2380 0.0168
2381 0.0168
2382 0.0168
2383 0.0168
2384 0.0168
2385 0.0168
2386 0.0168
2387 0.0168
2388 0.0168
2389 0.0168
2390 0.0168
2391 0.0168
2392 0.0168
2393 0.0168
2394 0.0168
2395 0.0168
2396 0.0168
2397 0.0168
2398 0.0168
2399 0.0168
2400 0.0168
2401 0.0168
2402 0.0168
2403 0.0168
2404 0.0168
2405 0.0168
2406 0.0168
2407 0.0168
2408 0.0168
2409 0.0168
2410 0.0168
2411 0.0168
2412 0.0168
2413 0.0168
2414 0.0168
2415 0.0168
2416 0.0168
2417 0.0168
2418 0.0168
2419 0.0168
2420 0.0168
2421 0.0168
2422 0.0168
2423 0.0168
2424 0.0168
2425 0.0168
2426 0.0168
2427 0.0168
2428 0.0168
2429 0.0168
2430 0.0168
2431 0.0168
2432 0.0168
2433 0.0168
2434 0.0168
2435 0.0168
2436 0.0168
2437 0.0168
2438 0.0168
2439 0.0168
2440 0.0168
2441 0.0168
2442 0.0168
2443 0.0168
2444 0.0168
2445 0.0168
2446 0.0168
2447 0.0168
2448 0.0168
2449 0.0168
2450 0.0168
2451 0.0168
2452 0.0168
2453 0.0168
2454 0.0168
2455 0.0168
2456 0.0168
2457 0.0168
2458 0.0168
2459 0.0168
2460 0.0168
2461 0.0168
2462 0.0168
2463 0.0168
2464 0.0168
2465 0.0168
2466 0.0168
2467 0.0168
2468 0.0168
2469 0.0168
2470 0.0168
2471 0.0168
2472 0.0168
2473 0.0168
2474 0.0168
2475 0.0168
2476 0.0168
2477 0.0168
2478 0.0168
2479 0.0168
2480 0.0168
2481 0.0168
2482 0.0168
2483 0.0168
2484 0.0168
2485 0.0168
2486 0.0168
2487 0.0168
2488 0.0168
2489 0.0168
2490 0.0168
2491 0.0168
2492 0.0168
2493 0.0168
2494 0.0168
2495 0.0168
2496 0.0168
2497 0.0168
2498 0.0168
2499 0.0168
2500 0.0168
2501 0.0168
2502 0.0168
2503 0.0168
2504 0.0168
2505 0.0168
2506 0.0168
2507 0.0168
2508 0.0168
2509 0.0168
2510 0.0168
2511 0.0168
2512 0.0168
2513 0.0168
2514 0.0168
2515 0.0168
2516 0.0168
2517 0.0168
2518 0.0168
2519 0.0168
2520 0.0168
2521 0.0168
2522 0.0168
2523 0.0168
2524 0.0168
2525 0.0168
2526 0.0168
2527 0.0168
2528 0.0168
2529 0.0168
2530 0.0168
2531 0.0168
2532 0.0168
2533 0.0168
2534 0.0168
2535 0.0168
2536 0.0168
2537 0.0168
2538 0.0168
2539 0.0168
2540 0.0168
2541 0.0168
2542 0.0168
2543 0.0168
2544 0.0168
2545 0.0168
2546 0.0168
2547 0.0168
2548 0.0168
2549 0.0168
2550 0.0168
2551 0.0168
2552 0.0168
2553 0.0168
2554 0.0168
2555 0.0168
2556 0.0168
2557 0.0168
2558 0.0168
2559 0.0168
2560 0.0168
2561 0.0168
2562 0.0168
2563 0.0168
2564 0.0168
2565 0.0168
2566 0.0168
2567 0.0168
2568 0.0168
2569 0.0168
2570 0.0168
2571 0.0168
2572 0.0168
2573 0.0168
2574 0.0168
2575 0.0168
2576 0.0168
2577 0.0168
2578 0.0168
2579 0.0168
2580 0.0168
2581 0.0168
2582 0.0168
2583 0.0168
2584 0.0168
2585 0.0168
2586 0.0168
2587 0.0168
2588 0.0168
2589 0.0168
2590 0.0168
2591 0.0168
2592 0.0168
2593 0.0168
2594 0.0168
2595 0.0168
2596 0.0168
2597 0.0168
2598 0.0168
2599 0.0168
2600 0.0168
2601 0.0168
2602 0.0168
2603 0.0168
2604 0.0168
2605 0.0168
2606 0.0168
2607 0.0168
2608 0.0168
2609 0.0168
2610 0.0168
2611 0.0168
2612 0.0168
2613 0.0168
2614 0.0168
2615 0.0168
2616 0.0168
2617 0.0168
2618 0.0168
2619 0.0168
2620 0.0168
2621 0.0168
2622 0.0168
2623 0.0168
2624 0.0168
2625 0.0168
2626 0.0168
2627 0.0168
2628 0.0168
2629 0.0168
2630 0.0168
2631 0.0168
2632 0.0168
2633 0.0168
2634 0.0168
2635 0.0168
2636 0.0168
2637 0.0168
2638 0.0168
2639 0.0168
2640 0.0168
2641 0.0168
2642 0.0168
2643 0.0168
2644 0.0168
2645 0.0168
2646 0.0168
2647 0.0168
2648 0.0168
2649 0.0168
2650 0.0168
2651 0.0168
2652 0.0168
2653 0.0168
2654 0.0168
2655 0.0168
2656 0.0168
2657 0.0168
2658 0.0168
2659 0.0168
2660 0.0168
2661 0.0168
2662 0.0168
2663 0.0168
2664 0.0168
2665 0.0168
2666 0.0168
2667 0.0168
2668 0.0168
2669 0.0168
2670 0.0168
2671 0.0168
2672 0.0168
2673 0.0168
2674 0.0168
2675 0.0168
2676 0.0168
2677 0.0168
2678 0.0168
2679 0.0168
2680 0.0168
2681 0.0168
2682 0.0168
2683 0.0168
2684 0.0168
2685 0.0168
2686 0.0168
2687 0.0168
2688 0.0168
2689 0.0168
2690 0.0168
2691 0.0168
2692 0.0168
2693 0.0168
2694 0.0168
2695 0.0168
2696 0.0168
2697 0.0168
2698 0.0168
2699 0.0168
2700 0.0168
2701 0.0168
2702 0.0168
2703 0.0168
2704 0.0168
2705 0.0168
2706 0.0168
2707 0.0168
2708 0.0168
2709 0.0168
2710 0.0168
2711 0.0168
2712 0.0168
2713 0.0168
2714 0.0168
2715 0.0168
2716 0.0168
2717 0.0168
2718 0.0168
2719 0.0168
2720 0.0168
2721 0.0168
2722 0.0168
2723 0.0168
2724 0.0168
2725 0.0168
2726 0.0168
2727 0.0168
2728 0.0168
2729 0.0168
2730 0.0168
2731 0.0168
2732 0.0168
2733 0.0168
2734 0.0168
2735 0.0168
2736 0.0168
2737 0.0168
2738 0.0168
2739 0.006667
2740 0.004
2741 0.001333
2742 0.00808
2743 0.00808
2744 0
2745 0
2746 0
2747 0.008016
2748 0.00808
2749 0.008016
2750 0.00808
2751 0
2752 0
2753 0
2754 0.008016
2755 0.00808
2756 0.008016
2757 0.00808
2758 0
2759 0
2760 0
2761 0.008016
2762 0.00808
2763 0.008016
2764 0.00808
2765 0
2766 0
2767 0
2768 0.008016
2769 0.00808
2770 0.008096
2771 0.008096
2772 0
2773 0
2774 0
2775 0.008016
