1 0.0062588
2 0.0301788
3 0.0640683
4 0.0405483
5 0.0854415
6 0.0401258
7 0.0611639
8 0.0488361
9 0.0367372
10 0.0903449
11 0.104207
12 0.105161
13 0.151657
14 0.205688
15 0.287388
16 0.0291488
17 0.0251328
18 0.0595382
19 0.19684
20 0.217698
21 0.22823
22 0.268482
23 0.047879
24 0.233331
25 0.243618
26 0.606295
27 0.607451
28 0.611709
29 0.710746
30 0.698325
31 0.6602
32 0.664172
33 0.674773
34 0.0299548
35 0.616073
36 0.0502165
37 0.0604637
38 0.182974
39 0.189775
40 0.0444042
41 0.0744735
42 0.104229
43 0.114076
44 0.152828
45 0.126893
46 0.0851789
47 0.0797695
48 0.14649
49 0.173346
50 0.182212
51 0.200516
52 0.257797
53 0.261427
54 0.270275
55 0.0598272
56 0.0527226
57 0.13503
58 0.123206
59 0.0718941
60 0.0597724
61 0.0419073
62 0.0686473
63 0.0953354
64 0.130803
65 0.181358
66 0.188333
67 0.218002
68 0.0089388
69 0.232835
70 0.0113988
71 0.202222
72 0.0079388
73 0.189636
74 0.0605853
75 0.0506981
76 0.0210288
77 0.0490609
78 0.152063
79 0.140481
80 0.0500327
81 0.0799821
82 0.14801
83 0.16277
84 0.102505
85 0.0867006
86 0.064692
87 0.0831459
88 0.168053
89 0.0985008
90 0.12891
91 0.165489
92 0.135303
93 0.170202
94 0.137939
95 0.0981427
96 0.0677333
97 0.0471952
98 0.0320893
99 0.0539227
100 0.001029
101 0.0280422
102 0.0501727
103 0.0832167
104 0.10322
105 0.148375
106 0.191833
107 0.23746
108 0.291403
109 0.0393063
110 0.0240568
111 0.222078
112 0.0115228
113 0.24416
114 0.286754
115 0.318123
116 0.0123988
117 0.281999
118 0.0127684
119 0.248299
120 0.123035
121 0.0690918
122 0.048938
123 0.0090618
124 0.297326
125 0.271886
126 0.323681
127 0.313554
128 0.0511296
129 0.097006
130 0.107013
131 0.13366
132 0.155842
133 0.0307231
134 0.392012
135 0.485074
136 0.45855
137 0.502396
138 0.032626
139 0.0831292
140 0.0931964
141 0.148593
142 0.107874
143 0.103857
144 0.0359115
145 0.0601881
146 0.0624094
147 0.0414697
148 0.0507561
149 0.0851133
150 0.141846
151 0.167648
152 0.182015
153 0.0100884
154 0.169131
155 0.122808
156 0.0666175
157 0.0757151
158 0.0444371
159 0.0896923
160 0.0960217
161 0.0162548
162 0.071069
163 0.101538
164 0.514305
165 0.613332
166 0.621231
167 0.658357
168 0.0401858
169 0.0705587
170 0.0913968
171 0.197897
172 0.178687
173 0.1659
174 0.0476852
175 0.0508769
176 0.101583
177 0.0846628
178 0.0322517
179 0.04029
180 0.0610759
181 0.102416
182 0.125294
183 0.146874
184 0.174597
185 0.201608
186 0.22716
187 0.012558
188 0.214133
189 0.12045
190 0.0895206
191 0.0679405
192 0.0380111
193 0.0068818
194 0.497695
195 0.576483
196 0.0300388
197 0.080322
198 0.100336
199 0.140292
200 0.182922
201 0.19279
202 0.0792188
203 0.0289356
204 0.0089218
205 0.0687285
206 0.0935659
207 0.0836987
208 0.0303388
209 0.061826
210 0.0919154
211 0.133492
212 0.155033
213 0.037129
214 0.0056418
215 0.203742
216 0.284033
217 0.262492
218 0.0500527
219 0.0604199
220 0.0901692
221 0.119999
222 0.153508
223 0.185297
224 0.0718149
225 0.0614477
226 0.0316983
227 0.001869
228 0.339652
229 0.455188
230 0.040241
231 0.0606591
232 0.0921159
233 0.122425
234 0.162997
235 0.194606
236 0.215364
237 0.107084
238 0.0866657
239 0.0552089
240 0.0248995
241 0.344215
242 0.448761
243 0.428003
244 0.0301988
245 0.0603481
246 0.0900775
247 0.120647
248 0.17085
249 0.181875
250 0.105957
251 0.0758075
252 0.0460781
253 0.0155088
254 0.0351698
255 0.0856176
256 0.0316173
257 0.0812406
258 0.114917
259 0.125065
260 0.156862
261 0.186991
262 0.221636
263 0.0298558
264 0.17815
265 0.269139
266 0.266766
267 0.239065
268 0.228604
269 0.20426
270 0.0966346
271 0.146474
272 0.227423
273 0.0722362
274 0.17565
275 0.21382
276 0.319935
277 0.0290603
278 0.336913
279 0.383596
280 0.326787
281 0.324421
282 0.317758
283 0.0101893
284 0.255679
285 0.0545576
286 0.0175082
287 0.138418
288 0.129524
289 0.0566925
290 0.0251405
291 0.143252
292 0.16866
293 0.0105273
294 0.194368
295 0.0204251
296 0.145015
297 0.0101493
298 0.216494
299 0.0106093
300 0.184323
301 0.0104093
302 0.0486977
303 0.0142373
304 0.0904747
305 0.102387
306 0.0216418
307 0.0182635
308 0.0691098
309 0.120188
310 0.196501
311 0.237399
312 0.0203158
313 0.217586
314 0.0107093
315 0.255192
316 0.0203403
317 0.233675
318 0.283002
319 0.380133
320 0.407078
321 0.0106093
322 0.454178
323 0.0120693
324 0.464964
325 0.00986928
326 0.0594965
327 0.0121955
328 0.312079
329 0.0350188
330 0.0147172
331 0.256269
332 0.316325
333 0.0108893
334 0.317945
335 0.0588565
336 0.0124355
337 0.330299
338 0.352487
339 0.42044
340 0.0106493
341 0.427907
342 0.0103493
343 0.373681
344 0.0103893
345 0.356554
346 0.182399
347 0.161357
348 0.110448
349 0.0424479
350 0.0490543
351 0.0538293
352 0.0504971
353 0.0334541
354 0.0316279
355 0.0316279
356 0.012849
357 0.0111503
358 0.0529838
359 0.00613884
360 0.0302588
361 0.00589886
362 0.0305389
363 0.00603889
364 0.0301789
365 0.00653892
366 0.0298189
367 0.0629256
368 0.0414328
369 0.0102731
370 0.0630347
371 0.0751675
372 0.113354
373 0.0302163
374 0.0200905
375 0.0432004
376 0.105236
377 0.0269692
378 0.0125091
379 0.125366
380 0.125366
381 0.125366
382 0.125366
383 0.118676
384 0.060283
385 0.0857365
386 0.0102293
387 0.0819546
388 0.105538
389 0.039792
390 0.0180546
391 0.0622617
392 0.102262
393 0.0543767
394 0.128694
395 0.0816139
396 0.103707
397 0.0378815
398 0.153967
399 0.114901
400 0.125943
401 0.0558633
402 0.0433158
403 0.131262
404 0.165501
405 0.146314
406 0.282817
407 0.0619668
408 0.0559289
409 0.173222
410 0.130536
411 0.114247
412 0.0430831
413 0.0534328
414 0.0652145
415 0.112138
416 0.122244
417 0.197935
418 0.228907
419 0.315077
420 0.0199763
421 0.0204498
422 0.293219
423 0.383531
424 0.407574
425 0.0206458
426 0.413945
427 0.0100693
428 0.383599
429 0.106802
430 0.205366
431 0.193259
432 0.130956
433 0.128665
434 0.19102
435 0.0470571
436 0.0428691
437 0.189
438 0.0332962
439 0.199616
440 0.192628
441 0.183789
442 0.17771
443 0.171027
444 0.0466552
445 0.040863
446 0.003189
447 0.0167752
448 0.0897388
449 0.153257
450 0.0101493
451 0.108308
452 0.0566065
453 0.0647865
454 0.0525658
455 0.013252
456 0.0627698
457 0.0108493
458 0.0598355
459 0.107834
460 0.0584878
461 0.0127155
462 0.0722883
463 0.113342
464 0.193566
465 0.0202158
466 0.17417
467 0.0105293
468 0.166818
469 0.139577
470 0.139577
471 0.0301323
472 0.0375234
473 0.0328083
474 0.0176087
475 0.276261
476 0.0108093
477 0.0503293
478 0.0102493
479 0.0500093
480 0.0104293
481 0.0506893
482 0.0107893
483 0.0503293
484 0.121274
485 0.0100693
486 0.103082
487 0.0506499
488 0.0757557
489 0.0546754
490 0.124698
491 0.0175533
492 0.162314
493 0.16959
494 0.0108893
495 0.108133
496 0.0264583
497 0.0223671
498 0.136067
499 0.152389
500 0.225102
501 0.0448902
502 0.118416
503 0.0899398
504 0.0518269
505 0.0383721
506 0.0710468
507 0.111341
508 0.0546112
509 0.0151172
510 0.0509493
511 0.112008
512 0.0107493
513 0.153399
514 0.0101493
515 0.102888
516 0.0219633
517 0.113497
518 0.111618
519 0.12375
520 0.114342
521 0.0289209
522 0.0187147
523 0.115637
524 0.224921
525 0.26513
526 0.0199958
527 0.20212
528 0.0107493
529 0.174604
530 0.0298516
531 0.0442915
532 0.0201251
533 0.013809
534 0.0125093
535 0.0936388
536 0.163304
537 0.0200558
538 0.110239
539 0.0201758
540 0.101184
541 0.0201958
542 0.081263
543 0.0307715
544 0.0112693
545 0.0507093
546 0.137181
547 0.0103293
548 0.137002
549 0.0204058
550 0.0767407
551 0.140052
552 0.0482825
553 0.013902
554 0.111894
555 0.212612
556 0.0105693
557 0.1627
558 0.0105493
559 0.0991887
560 0.0238093
561 0.0236565
562 0.474132
563 0.52281
564 0.61402
565 0.0587478
566 0.0124955
567 0.115158
568 0.18214
569 0.180292
570 0.0365654
571 0.0172785
572 0.0628296
573 0.0163925
574 0.0607955
575 0.109574
576 0.0549012
577 0.0224822
578 0.0667487
579 0.0985878
580 0.0525361
581 0.0950883
582 0.100848
583 0.110775
584 0.152623
585 0.0223433
586 0.0209305
587 0.154232
588 0.15763
589 0.239217
590 0.0539561
591 0.0343438
592 0.0244375
593 0.169906
594 0.187728
595 0.236174
596 0.0106893
597 0.166647
598 0.0727745
599 0.0626676
600 0.008249
601 0.008249
602 0.0199366
603 0.0980073
604 0.152345
605 0.0102093
606 0.134794
607 0.0108693
608 0.122494
609 0.0201558
610 0.0913125
611 0.0207055
612 0.0103693
613 0.0802526
614 0.104416
615 0.0329175
616 0.0480302
617 0.0893965
618 0.0861957
619 0.141948
620 0.0504987
621 0.0347743
622 0.102407
623 0.184636
624 0.0105093
625 0.189165
626 0.0109893
627 0.16848
628 0.0563913
629 0.0489874
630 0.0986855
631 0.143057
632 0.0144772
633 0.119982
634 0.113619
635 0.0537179
636 0.0213185
637 0.0950325
638 0.178458
639 0.0105093
640 0.114861
641 0.0198554
642 0.077456
643 0.0103693
644 0.11719
645 0.0686943
646 0.0164682
647 0.0801036
648 0.110456
649 0.0202954
650 0.105868
651 0.153727
652 0.0116693
653 0.180367
654 0.10404
655 0.0580475
656 0.121976
657 0.0918799
658 0.101767
659 0.0307568
660 0.022916
661 0.0723423
662 0.11305
663 0.105318
664 0.105318
665 0.0205658
666 0.0247969
667 0.0105693
668 0.0918065
669 0.0102493
670 0.0509693
671 0.0101293
672 0.0510493
673 0.0108293
674 0.0500893
675 0.0111693
676 0.0603955
677 0.120775
678 0.0195858
679 0.0895524
680 0.0588478
681 0.0222206
682 0.0622206
683 0.110368
684 0.0980505
685 0.05449
686 0.0146533
687 0.0864079
688 0.180705
689 0.0106093
690 0.104111
691 0.0222218
692 0.0213435
693 0.0621635
694 0.113688
695 0.00978928
696 0.0111493
697 0.0803086
698 0.104172
699 0.0357194
700 0.036279
701 0.084659
702 0.0842902
703 0.0318683
704 0.0179682
705 0.0726633
706 0.117035
707 0.159121
708 0.0988634
709 0.059544
710 0.0631955
711 0.0725813
712 0.111725
713 0.158221
714 0.00198624
715 0.317961
716 0.292561
717 0.0506453
718 0.201906
719 0.162924
720 0.175116
721 0.166272
722 0.11569
723 0.0324687
724 0.0284905
725 0.0264785
726 0.183398
727 0.177056
728 0.0398525
729 0.130652
730 0.0719662
731 0.0719251
732 0.0807978
733 0.0568066
734 0.111507
735 0.206842
736 0.014482
737 0.263524
738 0.271204
739 0.0101693
740 0.220958
741 0.15019
742 0.0464779
743 0.195314
744 0.200803
745 0.136795
746 0.138827
747 0.168681
748 0.0515362
749 0.0413499
750 0.128709
751 0.0213968
752 0.135611
753 0.176011
754 0.18757
755 0.17767
756 0.17767
757 0.0787658
758 0.0649365
759 0.0267672
760 0.001569
761 0.114299
762 0.15832
763 0.0563925
764 0.0330544
765 0.0653743
766 0.110609
767 0.0200058
768 0.0862047
769 0.0447694
770 0.0156572
771 0.0504893
772 0.125588
773 0.0106693
774 0.137188
775 0.253511
776 0.0101893
777 0.237397
778 0.0116538
779 0.185687
780 0.234991
781 0.180064
782 0.13642
783 0.0798229
784 0.0628442
785 0.024125
786 0.121622
787 0.149958
788 0.204357
789 0.0203451
790 0.181098
791 0.0104293
792 0.231343
793 0.0108738
794 0.187161
795 0.0302823
796 0.0348951
797 0.0144372
798 0.0605155
799 0.111136
800 0.0406234
801 0.073376
802 0.0102893
803 0.131248
804 0.0107493
805 0.169702
806 0.205757
807 0.0127893
808 0.181423
809 0.0523849
810 0.0459666
811 0.115533
812 0.177354
813 0.201468
814 0.0102693
815 0.249839
816 0.0101693
817 0.265438
818 0.0377367
819 0.0156486
820 0.205087
821 0.2355
822 0.0103093
823 0.237945
824 0.164599
825 0.114224
826 0.0614848
827 0.0448464
828 0.127245
829 0.169209
830 0.228461
831 0.0123666
832 0.286555
833 0.0564925
834 0.0133707
835 0.17143
836 0.211567
837 0.0802609
838 0.00182624
839 0.0802686
840 0.100717
841 0.0587798
842 0.013346
843 0.069682
844 0.110295
845 0.0203758
846 0.0865961
847 0.0109093
848 0.168043
849 0.0101893
850 0.114357
851 0.213282
852 0.0363969
853 0.0588906
854 0.118642
855 0.109926
856 0.0776658
857 0.062998
858 0.173674
859 0.0818097
860 0.147731
861 0.146684
862 0.102982
863 0.0414979
864 0.0976407
865 0.019634
866 0.164896
867 0.196806
868 0.320418
869 0.42957
870 0.0101693
871 0.363584
872 0.0443407
873 0.0143372
874 0.255538
875 0.261448
876 0.0989943
877 0.043929
878 0.0505994
879 0.0451568
880 0.0469312
881 0.0394554
882 0.642999
883 0.692315
884 0.725162
885 0.782242
886 0.910668
887 0.0577698
888 0.0474108
889 0.281204
890 0.302821
891 0.0143372
892 0.298256
893 0.0108093
894 0.113656
895 0.0696905
896 0.0319542
897 0.0783899
898 0.0521458
899 0.152612
900 0.0142574
901 0.126612
902 0.17797
903 0.0201851
904 0.1892
905 0.0108093
906 0.258121
907 0.0104093
908 0.220586
909 0.0302124
910 0.126852
911 0.166676
912 0.0571188
913 0.0734398
914 0.124529
915 0.0478786
916 0.155829
917 0.0144772
918 0.180123
919 0.273073
920 0.303216
921 0.0101093
922 0.305236
923 0.0501699
924 0.0184443
925 0.262149
926 0.314891
927 0.019825
928 0.279596
929 0.00958928
930 0.321848
931 0.0103893
932 0.34604
933 0.406928
934 0.0116138
935 0.379018
936 0.0110493
937 0.277218
938 0.0113893
939 0.211419
940 0.0118293
941 0.148821
942 0.0508702
943 0.012529
944 0.0212158
945 0.672194
946 0.734413
947 0.0105693
948 0.795224
949 0.0102093
950 0.172261
951 0.148786
952 0.00980928
953 0.0953509
954 0.0349968
955 0.016443
956 0.0774036
957 0.00986928
958 0.069822
959 0.101982
960 0.042149
961 0.0772005
962 0.0551954
963 0.0726956
964 0.0523458
965 0.0808252
966 0.0621019
967 0.115038
968 0.18693
969 0.0429186
970 0.166438
971 0.0107693
972 0.21851
973 0.0209158
974 0.160754
975 0.211573
976 0.0101893
977 0.175341
978 0.0773533
979 0.0596459
980 0.0194419
981 0.002789
982 0.424854
983 0.47467
984 0.0203358
985 0.0888524
986 0.0510299
987 0.013752
988 0.0623898
989 0.114108
990 0.0107493
991 0.0104093
992 0.0497493
993 0.143247
994 0.0101493
995 0.107763
996 0.108051
997 0.0325283
998 0.0177882
999 0.571871
1000 0.0110693
1001 0.0499293
1002 0.0100693
1003 0.0502693
1004 0.110992
1005 0.00990928
1006 0.0111893
1007 0.0520364
1008 0.114155
1009 0.0107893
1010 0.155227
1011 0.0109093
1012 0.122941
1013 0.0198154
1014 0.106995
1015 0.132466
1016 0.0102093
1017 0.102338
1018 0.0317731
1019 0.016503
1020 0.409359
1021 0.480869
1022 0.549334
1023 0.0111093
1024 0.171265
1025 0.0886597
1026 0.143673
1027 0.0221816
1028 0.128127
1029 0.0101093
1030 0.0342729
1031 0.130669
1032 0.0622521
1033 0.110291
1034 0.060194
1035 0.0361586
1036 0.0764386
1037 0.0865847
1038 0.0447294
1039 0.0691438
1040 0.0522958
1041 0.120402
1042 0.0147172
1043 0.117911
1044 0.2268
1045 0.0662727
1046 0.0127707
1047 0.11923
1048 0.173831
1049 0.245395
1050 0.0344844
1051 0.0630153
1052 0.159661
1053 0.0152772
1054 0.209285
1055 0.248374
1056 0.0411744
1057 0.191377
1058 0.191128
1059 0.0204255
1060 0.160626
1061 0.0559212
1062 0.0351426
1063 0.0348823
1064 0.009709
1065 0.0105493
1066 0.0835969
1067 0.0103493
1068 0.0504693
1069 0.0104693
1070 0.0504293
1071 0.0109093
1072 0.0504893
1073 0.0107293
1074 0.0600755
1075 0.107894
1076 0.0561725
1077 0.0688438
1078 0.0521358
1079 0.0324771
1080 0.0846296
1081 0.128147
1082 0.15203
1083 0.210588
1084 0.109914
1085 0.0473417
1086 0.0665321
1087 0.146187
1088 0.0121507
1089 0.133572
1090 0.18474
1091 0.251079
1092 0.0556525
1093 0.0250225
1094 0.201229
1095 0.226696
1096 0.0102293
1097 0.269823
1098 0.0110093
1099 0.265003
1100 0.0425593
1101 0.0212905
1102 0.199301
1103 0.40524
1104 0.428025
1105 0.0109893
1106 0.366739
1107 0.0100693
1108 0.317273
1109 0.0112293
1110 0.262667
1111 0.0861165
1112 0.0561632
1113 0.0569973
1114 0.0832076
1115 0.0832264
1116 0.105391
1117 0.131888
1118 0.217116
1119 0.245976
1120 0.256021
1121 0.317585
1122 0.0368459
1123 0.0171325
1124 0.322546
1125 0.351758
1126 0.418585
1127 0.0201758
1128 0.390625
1129 0.05493
1130 0.013406
1131 0.375756
1132 0.420995
1133 0.0101893
1134 0.489811
1135 0.0441494
1136 0.0142372
1137 0.397603
1138 0.487572
1139 0.0114693
1140 0.4595
1141 0.0101493
1142 0.438871
1143 0.470291
1144 0.0419646
1145 0.300732
1146 0.0102893
1147 0.280526
1148 0.0775808
1149 0.0558234
1150 0.0739801
1151 0.0718539
1152 0.0662381
1153 0.0617321
1154 0.663699
1155 0.0458223
1156 0.642205
1157 0.016368
1158 0.753768
1159 0.820393
1160 0.844667
1161 0.0201763
1162 0.0211298
1163 0.258028
1164 0.289966
1165 0.098724
1166 0.0861251
1167 0.0887517
1168 0.144617
1169 0.0574673
1170 0.0778109
1171 0.0123555
1172 0.0612428
1173 0.131048
1174 0.0196958
1175 0.0846344
1176 0.155292
1177 0.0487675
1178 0.0165886
1179 0.117834
1180 0.189539
1181 0.237713
1182 0.235665
1183 0.235665
1184 0.235665
1185 0.00988928
1186 0.171706
1187 0.0105293
1188 0.109648
1189 0.0406234
1190 0.0104093
1191 0.098502
1192 0.0103293
1193 0.0802636
1194 0.104207
1195 0.0343129
1196 0.0710291
1197 0.0526258
1198 0.0684338
1199 0.0525258
1200 0.119931
1201 0.0921812
1202 0.102108
1203 0.0267724
1204 0.0789178
1205 0.0607945
1206 0.16863
1207 0.0148172
1208 0.11849
1209 0.198956
1210 0.264821
1211 0.0200363
1212 0.0374276
1213 0.157389
1214 0.109038
1215 0.141077
1216 0.16095
1217 0.114686
1218 0.125013
1219 0.116564
1220 0.0282973
1221 0.0243535
1222 0.120428
1223 0.202592
1224 0.243346
1225 0.344781
1226 0.0448899
1227 0.0169682
1228 0.289423
1229 0.311541
1230 0.0573265
1231 0.014746
1232 0.192171
1233 0.192171
1234 0.187954
1235 0.0409402
1236 0.0539419
1237 0.0204354
1238 0.013169
1239 0.0133893
1240 0.0899022
1241 0.0108693
1242 0.0505293
1243 0.0102693
1244 0.0500493
1245 0.0100093
1246 0.0504893
1247 0.0102893
1248 0.0608955
1249 0.111294
1250 0.0200958
1251 0.142463
1252 0.15253
1253 0.0105893
1254 0.171988
1255 0.0300928
1256 0.0400129
1257 0.122889
1258 0.222895
1259 0.246669
1260 0.294972
1261 0.0102293
1262 0.2884
1263 0.0401482
1264 0.120188
1265 0.100349
1266 0.0864264
1267 0.0468971
1268 0.025309
1269 0.557595
1270 0.648611
1271 0.658437
1272 0.124098
1273 0.130138
1274 0.0304473
1275 0.024578
1276 0.157061
1277 0.175045
1278 0.0893726
1279 0.0593761
1280 0.0591356
1281 0.102384
1282 0.172847
1283 0.155556
1284 0.181813
1285 0.0403389
1286 0.048244
1287 0.0401432
1288 0.0962488
1289 0.129028
1290 0.0132493
1291 0.110139
1292 0.0443537
1293 0.0234398
1294 0.103532
1295 0.1499
1296 0.208425
1297 0.0766443
1298 0.0664385
1299 0.119776
1300 0.0845619
1301 0.0875765
1302 0.0743269
1303 0.0613637
1304 0.0604652
1305 0.0205905
1306 0.0500093
1307 0.114528
1308 0.0106293
1309 0.130948
1310 0.0105293
1311 0.141554
1312 0.0102293
1313 0.113363
1314 0.194868
1315 0.0587165
1316 0.0123155
1317 0.154147
1318 0.200559
1319 0.0111093
1320 0.173473
1321 0.241011
1322 0.0609765
1323 0.032655
1324 0.217671
1325 0.227556
1326 0.0105293
1327 0.262568
1328 0.0107693
1329 0.319045
1330 0.020245
1331 0.210259
1332 0.284237
1333 0.0105093
1334 0.285984
1335 0.0104693
1336 0.12304
1337 0.111928
1338 0.103827
1339 0.0380333
1340 0.0247721
1341 0.103804
1342 0.150377
1343 0.318746
1344 0.328973
1345 0.33414
1346 0.0602548
1347 0.219182
1348 0.199172
1349 0.0496727
1350 0.0500862
1351 0.0444055
1352 0.0422527
1353 0.085208
1354 0.141701
1355 0.0101493
1356 0.0107693
1357 0.0596955
1358 0.129602
1359 0.0200858
1360 0.110705
1361 0.151679
1362 0.0302223
1363 0.134479
1364 0.0202158
1365 0.164312
1366 0.0106338
1367 0.169036
1368 0.0103293
1369 0.194561
1370 0.230687
1371 0.0488065
1372 0.0145573
1373 0.205112
1374 0.265438
1375 0.0403635
1376 0.0150374
1377 0.19374
1378 0.138062
1379 0.138062
1380 0.0416749
1381 0.0178116
1382 0.0202758
1383 0.114618
1384 0.0126778
1385 0.174264
1386 0.0103693
1387 0.114102
1388 0.0202754
1389 0.104495
1390 0.00992928
1391 0.11316
1392 0.0347541
1393 0.012266
1394 0.0502293
1395 0.113588
1396 0.0114893
1397 0.127621
1398 0.0105093
1399 0.115901
1400 0.186346
1401 0.0199358
1402 0.151476
1403 0.0109093
1404 0.210283
1405 0.0202458
1406 0.176435
1407 0.0104893
1408 0.165466
1409 0.0655183
1410 0.0339993
1411 0.0946103
1412 0.164975
1413 0.0142774
1414 0.185451
1415 0.297924
1416 0.0200158
1417 0.253626
1418 0.0450789
1419 0.0173525
1420 0.17017
1421 0.269636
1422 0.330011
1423 0.065569
1424 0.0301168
1425 0.022521
1426 0.189833
1427 0.178285
1428 0.173908
1429 0.0299523
1430 0.0598472
1431 0.0202554
1432 0.009169
1433 0.009169
1434 0.0102293
1435 0.0826124
1436 0.0105093
1437 0.0501493
1438 0.0101493
1439 0.0498693
1440 0.0103693
1441 0.0509693
1442 0.00978928
1443 0.0507693
1444 0.112841
1445 0.0104893
1446 0.102612
1447 0.21298
1448 0.0207658
1449 0.198625
1450 0.0111093
1451 0.16708
1452 0.0758153
1453 0.0281415
1454 0.130455
1455 0.0825291
1456 0.112692
1457 0.238523
1458 0.238369
1459 0.0502928
1460 0.022216
1461 0.252134
1462 0.281159
1463 0.0264959
1464 0.0206856
1465 0.163101
1466 0.157986
1467 0.069413
1468 0.0384214
1469 0.0297332
1470 0.105353
1471 0.165032
1472 0.224078
1473 0.232886
1474 0.0796144
1475 0.08393
1476 0.166972
1477 0.0259505
1478 0.0202813
1479 0.144984
1480 0.175263
1481 0.0598264
1482 0.0542417
1483 0.0170125
1484 0.0511893
1485 0.135554
1486 0.0106493
1487 0.134175
1488 0.0202858
1489 0.0889012
1490 0.0509387
1491 0.123525
1492 0.0989707
1493 0.108878
1494 0.031188
1495 0.0277843
1496 0.0958207
1497 0.122991
1498 0.168803
1499 0.243818
1500 0.0581278
1501 0.0564528
1502 0.157236
1503 0.0127919
1504 0.227774
1505 0.245254
1506 0.0210958
1507 0.156743
1508 0.0106093
1509 0.115211
1510 0.115211
1511 0.0402367
1512 0.0174066
1513 0.0823026
1514 0.172675
1515 0.0124693
1516 0.105291
1517 0.0360394
1518 0.0723457
1519 0.0523358
1520 0.0653974
1521 0.0528458
1522 0.0131919
1523 0.0507293
1524 0.111368
1525 0.0102293
1526 0.111968
1527 0.0102893
1528 0.126654
1529 0.207661
1530 0.0102693
1531 0.176275
1532 0.0310576
1533 0.148381
1534 0.0199154
1535 0.170994
1536 0.0110093
1537 0.1956
1538 0.0104893
1539 0.171892
1540 0.272811
1541 0.0556025
1542 0.0238125
1543 0.181133
1544 0.195257
1545 0.0104293
1546 0.162702
1547 0.063863
1548 0.0360411
1549 0.008349
1550 0.0182482
1551 0.468669
1552 0.533488
1553 0.587352
1554 0.334036
1555 0.0102893
1556 0.245299
1557 0.0100293
1558 0.272472
1559 0.0107493
1560 0.0201763
1561 0.0202298
1562 0.110579
1563 0.216273
1564 0.0453799
1565 0.013206
1566 0.123515
1567 0.030486
1568 0.017283
1569 0.0615298
1570 0.127328
1571 0.17932
1572 0.0102493
1573 0.16943
1574 0.0105293
1575 0.207876
1576 0.286223
1577 0.0201658
1578 0.237898
1579 0.00984928
1580 0.295767
1581 0.110524
1582 0.0705291
1583 0.0583368
1584 0.124901
1585 0.120596
1586 0.100456
1587 0.100456
1588 0.0582226
1589 0.0423999
1590 0.002049
1591 0.0158867
1592 0.105165
1593 0.133508
1594 0.0457647
1595 0.0441642
1596 0.0646977
1597 0.0786212
1598 0.0560125
1599 0.0687238
1600 0.0523758
1601 0.0131507
1602 0.0501493
1603 0.131094
1604 0.0103493
1605 0.110825
1606 0.0581848
1607 0.0198817
1608 0.0826348
1609 0.107249
1610 0.17366
1611 0.0330683
1612 0.0171882
1613 0.166538
1614 0.197723
1615 0.0114293
1616 0.170617
1617 0.0297016
1618 0.0413789
1619 0.0413789
1620 0.0496159
1621 0.0160886
1622 0.128277
1623 0.136537
1624 0.0263311
1625 0.0790292
1626 0.0527358
1627 0.0123555
1628 0.0532091
1629 0.0992013
1630 0.0590078
1631 0.0127355
1632 0.0505493
1633 0.146247
1634 0.0111693
1635 0.132567
1636 0.170795
1637 0.0658691
1638 0.0564383
1639 0.105172
1640 0.04452
1641 0.0766207
1642 0.163422
1643 0.046716
1644 0.014946
1645 0.120644
1646 0.214608
1647 0.0568682
1648 0.0172533
1649 0.133632
1650 0.178269
1651 0.219727
1652 0.128502
1653 0.102528
1654 0.0598173
1655 0.083943
1656 0.0221563
1657 0.160605
1658 0.212779
1659 0.251702
1660 0.251276
1661 0.0130293
1662 0.186377
1663 0.0742562
1664 0.0264191
1665 0.0267148
1666 0.0204516
1667 0.0116493
1668 0.0801719
1669 0.0106493
1670 0.0512093
1671 0.0100293
1672 0.0505093
1673 0.0110093
1674 0.0508893
1675 0.0104893
1676 0.0505293
1677 0.126788
1678 0.0105293
1679 0.146821
1680 0.0103893
1681 0.111075
1682 0.0202358
1683 0.0815161
1684 0.181474
1685 0.273255
1686 0.0101693
1687 0.254981
1688 0.0101893
1689 0.0311596
1690 0.120862
1691 0.0318583
1692 0.0382106
1693 0.100641
1694 0.203359
1695 0.209157
1696 0.0105493
1697 0.257788
1698 0.0105093
1699 0.266001
1700 0.0323175
1701 0.0161282
1702 0.177922
1703 0.166601
1704 0.166601
1705 0.00984928
1706 0.103703
1707 0.0451607
1708 0.0170455
1709 0.0933618
1710 0.186818
1711 0.0113093
1712 0.102571
1713 0.0224218
1714 0.0291835
1715 0.0941763
1716 0.111909
1717 0.0446407
1718 0.0146372
1719 0.070102
1720 0.110745
1721 0.0200658
1722 0.0843961
1723 0.0106693
1724 0.156713
1725 0.202785
1726 0.0104893
1727 0.16877
1728 0.0860049
1729 0.0522043
1730 0.04676
1731 0.0973288
1732 0.125746
1733 0.133547
1734 0.0307116
1735 0.123083
1736 0.262184
1737 0.0476537
1738 0.0204307
1739 0.216766
1740 0.221936
1741 0.129124
1742 0.026129
1743 0.0343948
1744 0.0344821
1745 0.0321364
1746 0.101992
1747 0.138151
1748 0.214131
1749 0.269088
1750 0.0565125
1751 0.0127107
1752 0.19919
1753 0.285231
1754 0.0106293
1755 0.241626
1756 0.0106093
1757 0.0109493
1758 0.0202154
1759 0.0102293
1760 0.0599155
1761 0.120275
1762 0.0202858
1763 0.120036
1764 0.0200058
1765 0.0903686
1766 0.0204354
1767 0.070196
1768 0.133295
1769 0.0104493
1770 0.185057
1771 0.0102093
1772 0.225908
1773 0.0315556
1774 0.153636
1775 0.201754
1776 0.0205858
1777 0.143692
1778 0.0670906
1779 0.0682164
1780 0.0280792
1781 0.0915084
1782 0.161155
1783 0.204502
1784 0.0105293
1785 0.124478
1786 0.0200658
1787 0.0319969
1788 0.0108293
1789 0.0852599
1790 0.0103693
1791 0.0503493
1792 0.132811
1793 0.0106493
1794 0.131612
1795 0.0197858
1796 0.1113
1797 0.0202258
1798 0.120534
1799 0.132526
1800 0.0892001
1801 0.0445896
1802 0.140114
1803 0.112252
1804 0.0976762
1805 0.0358213
1806 0.0573181
1807 0.0873814
1808 0.136986
1809 0.174567
1810 0.217342
1811 0.0698303
1812 0.022552
1813 0.279571
1814 0.288078
1815 0.0105693
1816 0.256813
1817 0.270772
1818 0.161986
1819 0.033389
1820 0.0426632
1821 0.04346
1822 0.0438633
1823 0.0416331
1824 0.0975149
1825 0.152264
1826 0.203992
1827 0.295881
1828 0.325963
1829 0.0105093
1830 0.25446
1831 0.0105693
1832 0.188021
1833 0.0117493
1834 0.124683
1835 0.0201651
1836 0.0123293
1837 0.092073
1838 0.0100693
1839 0.0819146
1840 0.106715
1841 0.0385427
1842 0.0259137
1843 0.0924838
1844 0.0924849
1845 0.0202163
1846 0.101119
1847 0.103373
1848 0.115345
1849 0.0955986
1850 0.0227777
1851 0.0190794
1852 0.119167
1853 0.17699
1854 0.238688
1855 0.0670144
1856 0.0148077
1857 0.252497
1858 0.260113
1859 0.0101293
1860 0.238923
1861 0.0111293
1862 0.237978
1863 0.06837
1864 0.0619635
1865 0.0411362
1866 0.119856
1867 0.190467
1868 0.263259
1869 0.25589
1870 0.0108093
1871 0.209745
1872 0.0203303
1873 0.126032
1874 0.0927216
1875 0.0292245
1876 0.0268218
1877 0.116628
1878 0.146891
1879 0.196349
1880 0.27461
1881 0.0199851
1882 0.210374
1883 0.0112493
1884 0.242142
1885 0.0117093
1886 0.179298
1887 0.068513
1888 0.022592
1889 0.0112693
1890 0.0927171
1891 0.0105093
1892 0.0809187
1893 0.111172
1894 0.0200154
1895 0.103875
1896 0.134348
1897 0.0105293
1898 0.2135
1899 0.0201954
1900 0.0117093
1901 0.168211
1902 0.190685
1903 0.0301923
1904 0.11843
1905 0.0585232
1906 0.0561965
1907 0.152517
1908 0.0124355
1909 0.142377
1910 0.155457
1911 0.144498
1912 0.0320107
1913 0.0356805
1914 0.0305948
1915 0.105563
1916 0.142855
1917 0.245024
1918 0.0198258
1919 0.186809
1920 0.0107893
1921 0.1693
1922 0.0781595
1923 0.0376962
1924 0.0218514
1925 0.0638667
1926 0.0101893
1927 0.0600955
1928 0.141227
1929 0.0310226
1930 0.0803677
1931 0.0347361
1932 0.0774775
1933 0.0647459
1934 0.121952
1935 0.0617621
1936 0.105424
1937 0.0614296
1938 0.0743929
1939 0.107617
1940 0.111956
1941 0.00190624
1942 0.0510237
1943 0.101477
1944 0.167783
1945 0.17771
1946 0.272421
1947 0.0883399
1948 0.0722286
1949 0.0642878
1950 0.123543
1951 0.109503
1952 0.0681533
1953 0.0308416
1954 0.006889
1955 0.0441294
1956 0.0152263
1957 0.0993227
1958 0.162681
1959 0.226768
1960 0.0111693
1961 0.1849
1962 0.0103493
1963 0.17371
1964 0.0101293
1965 0.16935
1966 0.0211258
1967 0.00976928
1968 0.0109893
1969 0.0495893
1970 0.13372
1971 0.0105893
1972 0.13263
1973 0.193411
1974 0.0775988
1975 0.104942
1976 0.0784972
1977 0.0525499
1978 0.0183695
1979 0.0620417
1980 0.11225
1981 0.203512
1982 0.0197658
1983 0.156051
1984 0.00978928
1985 0.163529
1986 0.24077
1987 0.0879843
1988 0.0637588
1989 0.0229114
1990 0.141672
1991 0.181349
1992 0.305825
1993 0.00998928
1994 0.266161
1995 0.0583628
1996 0.0153877
1997 0.185536
1998 0.272132
1999 0.313362
2000 0.0689658
2001 0.0502104
2002 0.0168599
2003 0.124879
2004 0.11898
2005 0.112177
2006 0.0566165
2007 0.015935
2008 0.132957
2009 0.142884
2010 0.23355
2011 0.0200763
2012 0.0211898
2013 0.128026
2014 0.182924
2015 0.0216858
2016 0.147155
2017 0.0114093
2018 0.00978928
2019 0.0100293
2020 0.0509493
2021 0.141257
2022 0.0206055
2023 0.105449
2024 0.151687
2025 0.0877835
2026 0.0573156
2027 0.0198361
2028 0.0642467
2029 0.137932
2030 0.190396
2031 0.186191
2032 0.177433
2033 0.0102293
2034 0.0210018
2035 0.0102293
2036 0.0514703
2037 0.102939
2038 0.0744346
2039 0.0471714
2040 0.0543042
2041 0.0421318
2042 0.0180518
2043 0.030344
2044 0.0346368
2045 0.00625892
2046 0.0400659
2047 0.0865406
2048 0.0167759
2049 0.0405832
2050 0.10868
2051 0.0336127
2052 0.028898
2053 0.082526
2054 0.0068588
2055 0.0698878
2056 0.106465
2057 0.0195157
2058 0.100487
2059 0.0064188
2060 0.0946532
2061 0.0790273
2062 0.0580304
2063 0.0335711
2064 0.0528182
2065 0.0956087
2066 0.0828164
2067 0.0674255
2068 0.10808
2069 0.0998799
2070 0.0299988
2071 0.0607281
2072 0.140851
2073 0.119591
2074 0.0473679
2075 0.0660191
2076 0.0607102
2077 0.042259
2078 0.054279
2079 0.119891
2080 0.120429
2081 0.152272
2082 0.175609
2083 0.0447083
2084 0.0872157
2085 0.155637
2086 0.205152
2087 0.182652
2088 0.0415918
2089 0.0624699
2090 0.137942
2091 0.137275
2092 0.0325117
2093 0.0623011
2094 0.140773
2095 0.0955154
2096 0.0585735
2097 0.108318
2098 0.122756
2099 0.135757
2100 0.0066818
2101 0.105764
2102 0.0878493
2103 0.2068
2104 0.178042
2105 0.235533
2106 0.0313118
2107 0.0711682
2108 0.101838
2109 0.122276
2110 0.239655
2111 0.202086
2112 0.176207
2113 0.171315
2114 0.0349118
2115 0.0606081
2116 0.128407
2117 0.102636
2118 0.0324788
2119 0.0558957
2120 0.0922883
2121 0.0999285
2122 0.128699
2123 0.154009
2124 0.196096
2125 0.229227
2126 0.250813
2127 0.295219
2128 0.105803
2129 0.0958755
2130 0.0623146
2131 0.0214583
2132 0.0770198
2133 0.121758
2134 0.0957936
2135 0.041066
2136 0.110823
2137 0.122088
2138 0.14456
2139 0.170058
2140 0.0467899
2141 0.0368027
2142 0.0670332
2143 0.133003
2144 0.110531
2145 0.0850334
2146 0.0302373
2147 0.0602266
2148 0.11057
2149 0.120477
2150 0.152486
2151 0.0469981
2152 0.0170088
2153 0.857817
2154 0.931263
2155 0.911083
2156 0.0305348
2157 0.600364
2158 0.0408658
2159 0.0611039
2160 0.0696658
2161 0.0553173
2162 0.0920405
2163 0.102128
2164 0.13145
2165 0.161139
2166 0.183859
2167 0.196418
2168 0.146289
2169 0.144498
2170 0.105373
2171 0.0818341
2172 0.120283
2173 0.109315
2174 0.0574026
2175 0.0615599
2176 0.0407089
2177 0.0325886
2178 0.0803508
2179 0.101561
2180 0.12678
2181 0.142656
2182 0.170979
2183 0.130157
2184 0.152717
2185 0.12729
2186 0.21221
2187 0.201535
2188 0.0349717
2189 0.156819
2190 0.046954
2191 0.0772833
2192 0.0985104
2193 0.107451
2194 0.0891138
2195 0.138763
2196 0.105818
2197 0.0987363
2198 0.149248
2199 0.162677
2200 0.185741
2201 0.0912722
2202 0.0642877
2203 0.128959
2204 0.153282
2205 0.0096418
2206 0.112864
2207 0.105001
2208 0.172781
2209 0.199216
2210 0.188116
2211 0.153495
2212 0.0615564
2213 0.0717236
2214 0.0927417
2215 0.101411
2216 0.093191
2217 0.0800352
2218 0.0300588
2219 0.0548142
2220 0.0676997
2221 0.121645
2222 0.13279
2223 0.210693
2224 0.239533
2225 0.249381
2226 0.253583
2227 0.277962
2228 0.0088188
2229 0.287393
2230 0.0285199
2231 0.0216934
2232 0.242372
2233 0.25979
2234 0.114484
2235 0.0836966
2236 0.0738494
2237 0.0617851
2238 0.0303358
2239 0.0676112
2240 0.0881347
2241 0.0663986
2242 0.0504127
2243 0.080382
2244 0.0902092
2245 0.121839
2246 0.152228
2247 0.182577
2248 0.0035218
2249 0.251767
2250 0.337461
2251 0.305831
2252 0.275442
2253 0.245093
2254 0.0315283
2255 0.0811915
2256 0.0914588
2257 0.121488
2258 0.0639922
2259 0.014329
2260 0.00406181
2261 0.0288941
2262 0.0300388
2263 0.0611481
2264 0.120778
2265 0.16383
2266 0.19366
2267 0.203787
2268 0.234292
2269 0.244399
2270 0.0654321
2271 0.0343227
2272 0.153666
2273 0.188686
2274 0.158857
2275 0.148729
2276 0.118225
2277 0.108117
2278 0.0315071
2279 0.0645829
2280 0.104519
2281 0.137423
2282 0.0465646
2283 0.0134888
2284 0.0470914
2285 0.0811178
2286 0.0303988
2287 0.0622281
2288 0.102044
2289 0.133714
2290 0.183937
2291 0.204011
2292 0.236862
2293 0.262726
2294 0.0365311
2295 0.0047018
2296 0.169079
2297 0.161455
2298 0.111232
2299 0.0911582
2300 0.140058
2301 0.116261
2302 0.0696265
2303 0.0808908
2304 0.0923151
2305 0.140853
2306 0.12777
2307 0.116505
2308 0.105081
2309 0.0733719
2310 0.123575
2311 0.165368
2312 0.195397
2313 0.203397
2314 0.0565435
2315 0.0182288
2316 0.431779
2317 0.478002
2318 0.447973
2319 0.437906
2320 0.0320671
2321 0.06316
2322 0.113583
2323 0.164506
2324 0.174374
2325 0.184221
2326 0.0559487
2327 0.0248558
2328 0.3793
2329 0.407734
2330 0.397867
2331 0.388019
2332 0.0298588
2333 0.0596481
2334 0.100621
2335 0.13255
2336 0.172527
2337 0.182474
2338 0.0494981
2339 0.0197088
2340 0.403952
2341 0.47522
2342 0.435244
2343 0.425296
2344 0.0331396
2345 0.0655427
2346 0.0953956
2347 0.136918
2348 0.169623
2349 0.200093
2350 0.0700579
2351 0.0376547
2352 0.0078018
2353 0.352895
2354 0.492671
2355 0.462201
2356 0.0301988
2357 0.0839557
2358 0.0941429
2359 0.123972
2360 0.156312
2361 0.196869
2362 0.232222
2363 0.142282
2364 0.0885256
2365 0.0783384
2366 0.048509
2367 0.0161688
2368 0.0479578
2369 0.0766658
2370 0.0504927
2371 0.0607399
2372 0.100376
2373 0.152132
2374 0.162199
2375 0.192448
2376 0.224377
2377 0.264314
2378 0.284712
2379 0.013569
2380 0.0033218
2381 0.673523
2382 0.75535
2383 0.745283
2384 0.715033
2385 0.683104
2386 0.643168
2387 0.622769
2388 0.144539
2389 0.158712
2390 0.168539
2391 0.211644
2392 0.00202624
2393 0.0704587
2394 0.315601
2395 0.281478
2396 0.0320591
2397 0.0638263
2398 0.0942556
2399 0.144539
2400 0.194022
2401 0.214136
2402 0.224243
2403 0.244801
2404 0.238382
2405 0.212705
2406 0.188865
2407 0.147501
2408 0.112887
2409 0.0948602
2410 0.08676
2411 0.0723915
2412 0.123456
2413 0.129243
2414 0.153963
2415 0.178543
2416 0.202222
2417 0.233499
2418 0.260486
2419 0.278413
2420 0.308242
2421 0.336085
2422 0.350553
2423 0.125046
2424 0.110277
2425 0.0790675
2426 0.0483981
2427 0.0181288
2428 0.172007
2429 0.249416
2430 0.229402
2431 0.199573
2432 0.169723
2433 0.149065
2434 0.0701066
2435 0.0800138
2436 0.110163
2437 0.140569
2438 0.174723
2439 0.199656
2440 0.0491584
2441 0.0392511
2442 0.0091018
2443 0.070808
2444 0.0889333
2445 0.064
2446 0.0512301
2447 0.0927063
2448 0.104491
2449 0.125909
2450 0.156518
2451 0.186487
2452 0.228142
2453 0.268199
2454 0.278146
2455 0.001049
2456 0.214629
2457 0.34986
2458 0.352747
2459 0.370425
2460 0.345645
2461 0.389319
2462 0.356452
2463 0.351825
2464 0.0399858
2465 0.079762
2466 0.0999558
2467 0.135749
2468 0.26476
2469 0.268011
2470 0.32625
2471 0.290456
2472 0.0542236
2473 0.0421116
2474 0.224966
2475 0.212774
2476 0.0352688
2477 0.0608881
2478 0.171329
2479 0.14052
2480 0.0533786
2481 0.083408
2482 0.114997
2483 0.155234
2484 0.14521
2485 0.0680805
2486 0.0380511
2487 0.0064618
2488 0.0475514
2489 0.101691
2490 0.0607871
2491 0.0707143
2492 0.120778
2493 0.152343
2494 0.172617
2495 0.252101
2496 0.261948
2497 0.282046
2498 0.325622
2499 0.335909
2500 0.357931
2501 0.026356
2502 0.0164288
2503 0.247474
2504 0.37305
2505 0.355701
2506 0.299903
2507 0.302148
2508 0.296089
2509 0.27572
2510 0.246965
2511 0.224943
2512 0.0395858
2513 0.079482
2514 0.0893492
2515 0.119599
2516 0.158306
2517 0.135141
2518 0.125273
2519 0.095024
2520 0.115634
2521 0.134116
2522 0.140576
2523 0.148557
2524 0.186426
2525 0.196273
2526 0.216391
2527 0.247216
2528 0.257184
2529 0.212663
2530 0.220549
2531 0.190404
2532 0.17033
2533 0.212312
2534 0.208374
2535 0.223652
2536 0.236475
2537 0.280525
2538 0.0616316
2539 0.0870537
2540 0.104121
2541 0.22845
2542 0.616978
2543 0.64415
2544 0.631499
2545 0.158864
2546 0.173264
2547 0.183272
2548 0.193179
2549 0.227505
2550 0.201997
2551 0.208032
2552 0.508997
2553 0.164122
2554 0.18464
2555 0.563229
2556 0.548829
2557 0.538822
2558 0.528914
2559 0.488678
2560 0.478791
2561 0.429108
2562 0.419001
2563 0.398482
2564 0.0304988
2565 0.0315629
2566 0.0393267
2567 0.0846135
2568 0.0928737
2569 0.119399
2570 0.152913
2571 0.192729
2572 0.213267
2573 0.243377
2574 0.29318
2575 0.344563
2576 0.35499
2577 0.375849
2578 0.396247
2579 0.0627522
2580 0.013049
2581 0.0029618
2582 0.82145
2583 0.916548
2584 0.923089
2585 0.945003
2586 0.938822
2587 0.912903
2588 0.869331
2589 0.858904
2590 0.838046
2591 0.817648
2592 0.0600397
2593 0.100312
2594 0.110599
2595 0.122213
2596 0.213006
2597 0.172734
2598 0.162447
2599 0.150833
2600 0.0345891
2601 0.109845
2602 0.0312188
2603 0.0668576
2604 0.0679764
2605 0.0539552
2606 0.0632014
2607 0.0574661
2608 0.125507
2609 0.0923761
2610 0.0506127
2611 0.0707464
2612 0.111243
2613 0.142212
2614 0.172321
2615 0.182289
2616 0.212438
2617 0.244207
2618 0.274257
2619 0.304606
2620 0.335235
2621 0.0273356
2622 0.0072018
2623 0.259997
2624 0.250585
2625 0.303542
2626 0.293574
2627 0.263425
2628 0.231656
2629 0.201606
2630 0.171257
2631 0.140628
2632 0.117067
2633 0.140326
2634 0.222587
2635 0.232594
2636 0.23211
2637 0.210553
2638 0.210553
2639 0.0130335
2640 0.114013
2641 0.108629
2642 0.0986224
2643 0.0300988
2644 0.0715351
2645 0.111571
2646 0.171741
2647 0.221505
2648 0.231372
2649 0.241719
2650 0.251826
2651 0.272424
2652 0.0467781
2653 0.0053418
2654 0.419633
2655 0.427838
2656 0.425396
2657 0.450817
2658 0.484416
2659 0.480599
2660 0.46593
2661 0.0296988
2662 0.0597681
2663 0.158802
2664 0.153571
2665 0.0308988
2666 0.120195
2667 0.0328156
2668 0.0771068
2669 0.0307188
2670 0.0506459
2671 0.0403858
2672 0.0644309
2673 0.0279285
2674 0.0277995
2675 0.0537463
2676 0.0792332
2677 0.11528
2678 0.125167
2679 0.148268
2680 0.22639
2681 0.043678
2682 0.0299636
2683 0.183431
2684 0.191833
2685 0.0437275
2686 0.0457839
2687 0.0250895
2688 0.136536
2689 0.157904
2690 0.187366
2691 0.217475
2692 0.0616049
2693 0.0310556
2694 0.0108818
2695 0.370995
2696 0.482155
2697 0.477494
2698 0.499111
2699 0.0601396
2700 0.0700268
2701 0.100096
2702 0.122177
2703 0.164256
2704 0.219865
2705 0.196243
2706 0.198484
2707 0.038053
2708 0.0406533
2709 0.146658
2710 0.116849
2711 0.0327658
2712 0.0515627
2713 0.0730103
2714 0.0412809
2715 0.0609691
2716 0.105445
2717 0.0913306
2718 0.101318
2719 0.644968
2720 0.702642
2721 0.692435
2722 0.682448
2723 0.0305692
2724 0.0706055
2725 0.101195
2726 0.141291
2727 0.152396
2728 0.0780275
2729 0.0379911
2730 0.0074018
2731 0.0342882
2732 0.0885004
2733 0.0298388
2734 0.0612956
2735 0.10309
2736 0.154293
2737 0.16436
2738 0.204556
2739 0.216112
2740 0.0354786
2741 0.0040218
2742 0.144719
2743 0.235506
2744 0.242466
2745 0.272211
2746 0.283248
2747 0.0315071
2748 0.0817342
2749 0.0916214
2750 0.123702
2751 0.20972
2752 0.173711
2753 0.169996
2754 0.146112
2755 0.0368797
2756 0.0500027
2757 0.107771
2758 0.102835
2759 0.0799827
2760 0.111493
2761 0.131692
2762 0.147443
2763 0.21714
2764 0.243979
2765 0.267385
2766 0.260526
2767 0.107996
2768 0.257233
2769 0.0642162
2770 0.0440181
2771 0.0140488
2772 0.114944
2773 0.209747
2774 0.178144
2775 0.168176
2776 0.146255
2777 0.0320118
2778 0.0620412
2779 0.112544
2780 0.122492
2781 0.152821
2782 0.0958016
2783 0.0657722
2784 0.015269
2785 0.0053218
2786 0.024403
2787 0.0304188
2788 0.0674878
2789 0.111399
2790 0.151815
2791 0.181825
2792 0.213354
2793 0.233628
2794 0.263877
2795 0.293967
2796 0.0171757
2797 0.26719
2798 0.0876695
2799 0.043758
2800 0.0033418
2801 0.631419
2802 0.734182
2803 0.719368
2804 0.718884
2805 0.688795
2806 0.667977
2807 0.0314675
2808 0.0717838
2809 0.11212
2810 0.122507
2811 0.138051
2812 0.0977344
2813 0.0573982
2814 0.047011
2815 0.0669794
2816 0.0834957
2817 0.0933829
2818 0.311451
2819 0.300875
2820 0.382166
2821 0.113436
2822 0.144601
2823 0.168559
2824 0.221602
2825 0.306075
2826 0.411855
2827 0.469605
2828 0.481538
2829 0.52836
2830 0.0330113
2831 0.359778
2832 0.361204
2833 0.331961
2834 0.251865
2835 0.154674
2836 0.0989903
2837 0.095207
2838 0.164546
2839 0.189751
2840 0.371778
2841 0.223365
2842 0.0390511
2843 0.239842
2844 0.265455
2845 0.340773
2846 0.368648
2847 0.390507
2848 0.428297
2849 0.458367
2850 0.0340309
2851 0.0108327
2852 0.35448
2853 0.36236
2854 0.0476781
2855 0.00740181
2856 0.668025
2857 0.66015
2858 0.634265
2859 0.678741
2860 0.648732
2861 0.608876
2862 0.578806
2863 0.558548
2864 0.548661
2865 0.0319075
2866 0.0926581
2867 0.0372785
2868 0.0674079
2869 0.108812
2870 0.137783
2871 0.0423981
2872 0.0122688
2873 0.0476788
2874 0.117946
2875 0.0398858
2876 0.089509
2877 0.0997762
2878 0.139512
2879 0.213536
2880 0.223503
2881 0.243841
2882 0.264219
2883 0.284837
2884 0.305455
2885 0.0646122
2886 0.014989
2887 0.0047218
2888 0.659069
2889 0.67303
2890 0.663062
2891 0.642724
2892 0.622346
2893 0.601728
2894 0.58111
2895 0.0301188
2896 0.0620481
2897 0.113691
2898 0.147055
2899 0.167873
2900 0.0578651
2901 0.0259358
2902 0.383746
2903 0.429719
2904 0.408901
2905 0.0615079
2906 0.0715951
2907 0.132587
2908 0.154201
2909 0.203884
2910 0.214012
2911 0.234025
2912 0.276556
2913 0.286603
2914 0.017829
2915 0.0077418
2916 0.168003
2917 0.233505
2918 0.183822
2919 0.173694
2920 0.153681
2921 0.11115
2922 0.101103
2923 0.0594796
2924 0.0794734
2925 0.109743
2926 0.142034
2927 0.165639
2928 0.0276356
2929 0.0076418
2930 0.0662169
2931 0.151879
2932 0.128274
2933 0.0301988
2934 0.0800221
2935 0.110191
2936 0.180368
2937 0.190376
2938 0.211949
2939 0.232063
2940 0.252201
2941 0.272819
2942 0.0877544
2943 0.0379311
2944 0.0077618
2945 0.336887
2946 0.415683
2947 0.39411
2948 0.373996
2949 0.353858
2950 0.33324
2951 0.0300988
2952 0.0797421
2953 0.129605
2954 0.14065
2955 0.163003
2956 0.186022
2957 0.0587051
2958 0.0090618
2959 0.0688605
2960 0.183192
2961 0.16084
2962 0.13782
2963 0.0301388
2964 0.0601281
2965 0.0920052
2966 0.121835
2967 0.152104
2968 0.183413
2969 0.213443
2970 0.243432
2971 0.0952375
2972 0.0652482
2973 0.0333711
2974 0.0035418
2975 0.646002
2976 0.755424
2977 0.725394
2978 0.695405
2979 0.0503365
2980 0.0607237
2981 0.10086
2982 0.131989
2983 0.162039
2984 0.193368
2985 0.213486
2986 0.243976
2987 0.274045
2988 0.0903947
2989 0.0800075
2990 0.0398711
2991 0.0087418
2992 0.140285
2993 0.208291
2994 0.188173
2995 0.157683
2996 0.127614
2997 0.0299188
2998 0.0596881
2999 0.120074
3000 0.151679
3001 0.1735
3002 0.216138
3003 0.226165
3004 0.256754
3005 0.0694158
3006 0.0396465
3007 0.160317
3008 0.218767
3009 0.196946
3010 0.154308
3011 0.144281
3012 0.113692
3013 0.0503927
3014 0.0702864
3015 0.12105
3016 0.164501
3017 0.207303
3018 0.218448
3019 0.229293
3020 0.0396626
3021 0.0197688
3022 0.122091
3023 0.189857
3024 0.147056
3025 0.135911
3026 0.125065
3027 0.0506327
3028 0.080522
3029 0.100816
3030 0.142168
3031 0.152355
3032 0.203759
3033 0.234484
3034 0.245769
3035 0.0605849
3036 0.0306956
3037 0.0104018
3038 0.121815
3039 0.156056
3040 0.104652
3041 0.0739275
3042 0.0626422
3043 0.0401458
3044 0.0800221
3045 0.111531
3046 0.14321
3047 0.173219
3048 0.224222
3049 0.234549
3050 0.244797
3051 0.0042818
3052 0.343175
3053 0.365789
3054 0.334111
3055 0.304101
3056 0.253098
3057 0.242771
3058 0.232524
3059 0.0506814
3060 0.0808108
3061 0.11254
3062 0.143009
3063 0.163268
3064 0.183906
3065 0.0034418
3066 0.132411
3067 0.235715
3068 0.205246
3069 0.184988
3070 0.16435
3071 0.0396658
3072 0.0696551
3073 0.091076
3074 0.131032
3075 0.170689
3076 0.201818
3077 0.212005
3078 0.242154
3079 0.0953683
3080 0.065379
3081 0.0439581
3082 0.0040018
3083 0.112489
3084 0.11282
3085 0.107772
3086 0.0955052
3087 0.0484436
3088 0.090479
3089 0.190643
3090 0.220272
3091 0.2302
3092 0.31201
3093 0.322157
3094 0.374112
3095 0.3842
3096 0.374345
3097 0.403376
3098 0.0106765
3099 0.432727
3100 0.450187
3101 0.0104084
3102 0.42236
3103 0.438047
3104 0.0482984
3105 0.018669
3106 0.0087418
3107 0.230898
3108 0.236366
3109 0.198366
3110 0.260547
3111 0.238942
3112 0.204771
3113 0.157537
3114 0.0387202
3115 0.0511378
3116 0.105812
3117 0.071143
3118 0.0810903
3119 0.12143
3120 0.174936
3121 0.179723
3122 0.220395
3123 0.250944
3124 0.29074
3125 0.301929
3126 0.342166
3127 0.382082
3128 0.365991
3129 0.030696
3130 0.0207488
3131 0.315108
3132 0.282857
3133 0.281155
3134 0.248369
3135 0.225794
3136 0.203612
3137 0.202983
3138 0.174274
3139 0.142463
3140 0.136832
3141 0.156293
3142 0.270653
3143 0.282805
3144 0.341779
3145 0.320659
3146 0.312454
3147 0.304568
3148 0.296594
3149 0.27898
3150 0.268419
3151 0.256892
3152 0.248787
3153 0.24415
3154 0.0105293
3155 0.175092
3156 0.175092
3157 0.0320983
3158 0.0382766
3159 0.0391624
3160 0.0208316
3161 0.0107293
3162 0.0474741
3163 0.00732736
3164 0.0308388
3165 0.0063588
3166 0.0322083
3167 0.0065588
3168 0.0301188
3169 0.0062988
3170 0.0511587
3171 0.0614259
3172 0.016646
3173 0.0940954
3174 0.0506965
3175 0.0606437
3176 0.0389471
3177 0.150249
3178 0.0551796
3179 0.0650468
3180 0.103196
3181 0.132493
3182 0.0834936
3183 0.146411
3184 0.106334
3185 0.046936
3186 0.0867123
3187 0.0770373
3188 0.112571
3189 0.122679
3190 0.0413453
3191 0.001569
3192 0.041939
3193 0.0996596
3194 0.0298588
3195 0.061566
3196 0.0918554
3197 0.124697
3198 0.154706
3199 0.184635
3200 0.037969
3201 0.00626181
3202 0.452229
3203 0.572592
3204 0.593204
3205 0.613684
3206 0.0420486
3207 0.06375
3208 0.0957776
3209 0.126227
3210 0.236371
3211 0.269821
3212 0.263383
3213 0.317822
3214 0.0344424
3215 0.258609
3216 0.0364753
3217 0.284497
3218 0.0545036
3219 0.040726
3220 0.254378
3221 0.290082
3222 0.0558278
3223 0.0601481
3224 0.0703554
3225 0.222981
3226 0.275175
3227 0.269738
3228 0.0454527
3229 0.0634639
3230 0.225289
3231 0.209188
3232 0.0315788
3233 0.17323
3234 0.0301188
3235 0.142182
3236 0.0550317
3237 0.0721368
3238 0.0803165
3239 0.065988
3240 0.104148
3241 0.120708
3242 0.184954
3243 0.202266
3244 0.257779
3245 0.257087
3246 0.281767
3247 0.304044
3248 0.341885
3249 0.0330849
3250 0.0431794
3251 0.270542
3252 0.232198
3253 0.283377
3254 0.231064
3255 0.223064
3256 0.222353
3257 0.192883
3258 0.155397
3259 0.154062
3260 0.0302388
3261 0.0614081
3262 0.0824247
3263 0.0740479
3264 0.131365
3265 0.145308
3266 0.165726
3267 0.193149
3268 0.227474
3269 0.283041
3270 0.335444
3271 0.365473
3272 0.395423
3273 0.394602
3274 0.075021
3275 0.0581468
3276 0.0443891
3277 0.0197172
3278 0.280059
3279 0.285781
3280 0.30925
3281 0.355075
3282 0.0222884
3283 0.310193
3284 0.0879743
3285 0.0355711
3286 0.0055418
3287 0.182269
3288 0.295313
3289 0.290171
3290 0.359127
3291 0.331104
3292 0.362429
3293 0.365563
3294 0.0398258
3295 0.0699751
3296 0.100264
3297 0.120743
3298 0.291594
3299 0.28993
3300 0.26567
3301 0.253484
3302 0.0552072
3303 0.0852965
3304 0.0604099
3305 0.19604
3306 0.171024
3307 0.165135
3308 0.0329858
3309 0.0615081
3310 0.117874
3311 0.0916023
3312 0.108168
3313 0.157024
3314 0.178334
3315 0.205663
3316 0.209621
3317 0.253411
3318 0.301006
3319 0.305939
3320 0.341198
3321 0.376656
3322 0.382586
3323 0.402824
3324 0.0290626
3325 0.34917
3326 0.346017
3327 0.329757
3328 0.278873
3329 0.332787
3330 0.280705
3331 0.221075
3332 0.211068
3333 0.171311
3334 0.131475
3335 0.121188
3336 0.10095
3337 0.0905225
3338 0.0606326
3339 0.0656698
3340 0.0912692
3341 0.013249
3342 0.0031618
3343 0.0225719
3344 0.0404058
3345 0.0714551
3346 0.111251
3347 0.131125
3348 0.172667
3349 0.184236
3350 0.224712
3351 0.265029
3352 0.284962
3353 0.336652
3354 0.347837
3355 0.371368
3356 0.101261
3357 0.0702118
3358 0.0304156
3359 0.0105418
3360 0.211386
3361 0.272506
3362 0.23203
3363 0.191714
3364 0.17178
3365 0.120091
3366 0.108906
3367 0.0853741
3368 0.0303588
3369 0.0619481
3370 0.113471
3371 0.123579
3372 0.156708
3373 0.0423311
3374 0.0107418
3375 0.241282
3376 0.349244
3377 0.316115
3378 0.0305788
3379 0.0805059
3380 0.0906531
3381 0.16055
3382 0.181764
3383 0.231567
3384 0.241414
3385 0.271464
3386 0.284376
3387 0.304854
3388 0.08749
3389 0.037563
3390 0.0274158
3391 0.345153
3392 0.393387
3393 0.343584
3394 0.333737
3395 0.303687
3396 0.290775
3397 0.270297
3398 0.0301188
3399 0.0641459
3400 0.156423
3401 0.16627
3402 0.177295
3403 0.190033
3404 0.0393289
3405 0.0053018
3406 0.0497413
3407 0.205611
3408 0.194586
3409 0.181847
3410 0.0301188
3411 0.0603481
3412 0.0907175
3413 0.140841
3414 0.150808
3415 0.190444
3416 0.223031
3417 0.263008
3418 0.273295
3419 0.135598
3420 0.105369
3421 0.0749992
3422 0.024876
3423 0.0149088
3424 0.597117
3425 0.668603
3426 0.628627
3427 0.61834
3428 0.040721
3429 0.0905042
3430 0.100631
3431 0.150495
3432 0.160402
3433 0.211957
3434 0.252173
3435 0.263459
3436 0.29478
3437 0.0633522
3438 0.013569
3439 0.0034418
3440 0.158214
3441 0.301444
3442 0.249889
3443 0.209673
3444 0.198387
3445 0.167066
3446 0.0298988
3447 0.0599881
3448 0.0900575
3449 0.120447
3450 0.150516
3451 0.190512
3452 0.226123
3453 0.123239
3454 0.0931498
3455 0.0630805
3456 0.0326911
3457 0.0026218
3458 0.0501188
3459 0.123317
3460 0.0703065
3461 0.0802737
3462 0.139984
3463 0.151493
3464 0.181863
3465 0.212612
3466 0.262335
3467 0.272462
3468 0.303748
3469 0.324002
3470 0.353691
3471 0.375452
3472 0.038503
3473 0.0285358
3474 0.265859
3475 0.265395
3476 0.245846
3477 0.226177
3478 0.186415
3479 0.186808
3480 0.166303
3481 0.156982
3482 0.140051
3483 0.126704
3484 0.0667566
3485 0.0667566
3486 0.0667566
3487 0.0667566
3488 0.0557116
3489 0.044891
3490 0.0338105
3491 0.02385
3492 0.0133295
3493 0.002549
3494 0.520912
3495 0.518101
3496 0.577724
3497 0.091018
3498 0.0982947
3499 0.0322438
3500 0.0689635
3501 0.0732597
3502 0.08116
3503 0.0373061
3504 0.0219356
3505 0.018818
3506 0.0303988
3507 0.102974
3508 0.0324096
3509 0.050033
3510 0.0739155
3511 0.0399498
3512 0.0320296
3513 0.0883792
3514 0.0431879
3515 0.0731373
3516 0.101556
3517 0.135207
3518 0.0389911
3519 0.0090418
3520 0.0457546
3521 0.137304
3522 0.0501727
3523 0.0601799
3524 0.0902092
3525 0.120239
3526 0.150288
3527 0.0750277
3528 0.0650205
3529 0.0349911
3530 0.0049618
3531 0.0255808
3532 0.0303188
3533 0.0768716
3534 0.137442
3535 0.18005
3536 0.200268
3537 0.230853
3538 0.0140053
3539 0.196657
3540 0.0377827
3541 0.629626
3542 0.662866
3543 0.644495
3544 0.637478
3545 0.659467
3546 0.0397258
3547 0.0611267
3548 0.195443
3549 0.174043
3550 0.0456081
3551 0.105841
3552 0.0923201
3553 0.113712
3554 0.10056
3555 0.112705
3556 0.0516324
3557 0.0415852
3558 0.001229
3559 0.0296685
3560 0.0316271
3561 0.0737461
3562 0.114382
3563 0.145272
3564 0.155159
3565 0.205482
3566 0.216687
3567 0.127574
3568 0.0854546
3569 0.0448184
3570 0.013929
3571 0.0040418
3572 0.0326171
3573 0.0938905
3574 0.0313675
3575 0.0631968
3576 0.0947461
3577 0.136402
3578 0.156841
3579 0.18705
3580 0.0411111
3581 0.0092818
3582 0.113628
3583 0.170203
3584 0.149765
3585 0.119556
3586 0.0501527
3587 0.080122
3588 0.0901092
3589 0.120179
3590 0.0480784
3591 0.018109
3592 0.0081218
3593 0.0339006
3594 0.0600997
3595 0.0807096
3596 0.130313
3597 0.14016
3598 0.170149
3599 0.190407
3600 0.212488
3601 0.167697
3602 0.188965
3603 0.190219
3604 0.187745
3605 0.276471
3606 0.261783
3607 0.266723
3608 0.0331788
3609 0.220123
3610 0.0406917
3611 0.194878
3612 0.0523259
3613 0.072564
3614 0.0955607
3615 0.156202
3616 0.141515
3617 0.111146
3618 0.102763
3619 0.128513
3620 0.111519
3621 0.12977
3622 0.126223
3623 0.135138
3624 0.129643
3625 0.19481
3626 0.269473
3627 0.252639
3628 0.310458
3629 0.385728
3630 0.0295788
3631 0.079882
3632 0.0898492
3633 0.22623
3634 0.297587
3635 0.324458
3636 0.0557456
3637 0.0655728
3638 0.308084
3639 0.349609
3640 0.0336233
3641 0.0604681
3642 0.323671
3643 0.295449
3644 0.0412413
3645 0.0915245
3646 0.101592
3647 0.310799
3648 0.260516
3649 0.250448
3650 0.0310988
3651 0.199281
3652 0.0330317
3653 0.160511
3654 0.0336588
3655 0.113873
3656 0.0588488
3657 0.0621551
3658 0.0903575
3659 0.101503
3660 0.0373311
3661 0.0072218
3662 0.0306355
3663 0.126077
3664 0.0301388
3665 0.0602481
3666 0.100544
3667 0.140561
3668 0.171701
3669 0.201771
3670 0.23186
3671 0.253381
3672 0.277615
3673 0.0764475
3674 0.0463381
3675 0.0060418
3676 0.150183
3677 0.247186
3678 0.217117
3679 0.187028
3680 0.165506
3681 0.141272
3682 0.0304988
3683 0.0704351
3684 0.0905732
3685 0.120503
3686 0.15224
3687 0.0976456
3688 0.0577092
3689 0.0375711
3690 0.0076418
3691 0.0280156
3692 0.0297188
3693 0.0852882
3694 0.10707
3695 0.183938
3696 0.193785
3697 0.255987
3698 0.287024
3699 0.319023
3700 0.349353
3701 0.369971
3702 0.0133398
3703 0.357337
3704 0.0378771
3705 0.0459609
3706 0.287358
3707 0.254297
3708 0.322636
3709 0.297671
3710 0.276956
3711 0.259722
3712 0.237845
3713 0.224079
3714 0.210247
3715 0.20599
3716 0.0300588
3717 0.0602281
3718 0.106013
3719 0.103764
3720 0.0300788
3721 0.0720206
3722 0.109968
3723 0.121855
3724 0.142277
3725 0.172387
3726 0.202536
3727 0.242692
3728 0.272762
3729 0.312898
3730 0.294866
3731 0.324995
3732 0.340611
3733 0.128227
3734 0.106017
3735 0.0752675
3736 0.0451581
3737 0.0150088
3738 0.504184
3739 0.561827
3740 0.521691
3741 0.511804
3742 0.481675
3743 0.449765
3744 0.0413684
3745 0.0715178
3746 0.122527
3747 0.155458
3748 0.177314
3749 0.201754
3750 0.0463441
3751 0.0161948
3752 0.0917317
3753 0.102568
3754 0.0825987
3755 0.0672586
3756 0.0310463
3757 0.0993913
3758 0.17351
3759 0.183437
3760 0.247206
3761 0.288662
3762 0.29853
3763 0.338986
3764 0.0304375
3765 0.305346
3766 0.333888
3767 0.354478
3768 0.437479
3769 0.012418
3770 0.360035
3771 0.0524149
3772 0.0424877
3773 0.540089
3774 0.600824
3775 0.629714
3776 0.668598
3777 0.697569
3778 0.70711
3779 0.703323
3780 0.642717
3781 0.631764
3782 0.0497727
3783 0.071694
3784 0.0921921
3785 0.2736
3786 0.263461
3787 0.257329
3788 0.0308388
3789 0.221471
3790 0.0351117
3791 0.0649011
3792 0.182618
3793 0.156963
3794 0.0328788
3795 0.116275
3796 0.0329517
3797 0.0813622
3798 0.115042
3799 0.131413
3800 0.17261
3801 0.222553
3802 0.263429
3803 0.261874
3804 0.267642
3805 0.302518
3806 0.32849
3807 0.364192
3808 0.397774
3809 0.403404
3810 0.0101684
3811 0.362644
3812 0.0483981
3813 0.0072018
3814 0.270329
3815 0.351361
3816 0.345764
3817 0.342605
3818 0.416279
3819 0.394107
3820 0.3603
3821 0.324666
3822 0.321748
3823 0.31825
3824 0.0315871
3825 0.0920611
3826 0.101908
3827 0.137972
3828 0.215374
3829 0.213031
3830 0.21098
3831 0.0717177
3832 0.0971771
3833 0.176823
3834 0.0905292
3835 0.123036
3836 0.0987565
3837 0.0904163
3838 0.139672
3839 0.14966
3840 0.190636
3841 0.251006
3842 0.27244
3843 0.312456
3844 0.342685
3845 0.314584
3846 0.34716
3847 0.35558
3848 0.364738
3849 0.383141
3850 0.404804
3851 0.0699723
3852 0.0599851
3853 0.0190088
3854 0.241956
3855 0.286865
3856 0.246849
3857 0.21662
3858 0.18659
3859 0.146218
3860 0.135891
3861 0.124866
3862 0.171843
3863 0.166245
3864 0.0810947
3865 0.0912219
3866 0.104294
3867 0.133537
3868 0.197651
3869 0.187524
3870 0.174451
3871 0.145209
3872 0.0389112
3873 0.112138
3874 0.122105
3875 0.152186
3876 0.193642
3877 0.213696
3878 0.243825
3879 0.284001
3880 0.276057
3881 0.298078
3882 0.102302
3883 0.029076
3884 0.0191088
3885 0.645708
3886 0.644843
3887 0.624789
3888 0.59466
3889 0.554483
3890 0.677926
3891 0.655905
3892 0.0313515
3893 0.0833126
3894 0.113302
3895 0.162805
3896 0.172812
3897 0.183897
3898 0.218336
3899 0.248345
3900 0.00923968
3901 0.192564
3902 0.219669
3903 0.170166
3904 0.160159
3905 0.149075
3906 0.114635
3907 0.0846258
3908 0.0302388
3909 0.0902091
3910 0.132211
3911 0.172088
3912 0.182035
3913 0.202173
3914 0.246166
3915 0.256013
3916 0.0268557
3917 0.180545
3918 0.297864
3919 0.257988
3920 0.24804
3921 0.227902
3922 0.183909
3923 0.174062
3924 0.0396658
3925 0.079202
3926 0.0893292
3927 0.139552
3928 0.14978
3929 0.20973
3930 0.220535
3931 0.251497
3932 0.119656
3933 0.0801194
3934 0.0699922
3935 0.019769
3936 0.00954181
3937 0.0561946
3938 0.17653
3939 0.145568
3940 0.0504527
3941 0.0603599
3942 0.0904492
3943 0.120959
3944 0.150868
3945 0.185337
3946 0.23574
3947 0.245708
3948 0.275717
3949 0.305806
3950 0.336896
3951 0.367505
3952 0.0806877
3953 0.0707805
3954 0.0406911
3955 0.0101818
3956 0.541032
3957 0.593527
3958 0.543123
3959 0.533156
3960 0.503147
3961 0.473058
3962 0.441968
3963 0.411359
3964 0.0298988
3965 0.0696351
3966 0.139472
3967 0.170581
3968 0.180509
3969 0.20195
3970 0.211937
3971 0.0570651
3972 0.0173288
3973 0.357163
3974 0.371114
3975 0.364071
3976 0.346828
3977 0.356381
3978 0.0388801
3979 0.115264
3980 0.126137
3981 0.187845
3982 0.227541
3983 0.237729
3984 0.317293
3985 0.379428
3986 0.399526
3987 0.409493
3988 0.0348498
3989 0.384667
3990 0.39175
3991 0.440789
3992 0.431636
3993 0.439676
3994 0.127427
3995 0.116554
3996 0.0548452
3997 0.015149
3998 0.0049618
3999 0.210261
4000 0.215247
4001 0.195149
4002 0.185182
4003 0.164948
4004 0.154981
4005 0.101744
4006 0.0913566
4007 0.207133
4008 0.0306388
4009 0.102542
4010 0.142974
4011 0.152961
4012 0.163168
4013 0.183926
4014 0.0364827
4015 0.869339
4016 0.900489
4017 0.895572
4018 0.937546
4019 0.916787
4020 0.0322588
4021 0.0824621
4022 0.124566
4023 0.134513
4024 0.195543
4025 0.20583
4026 0.237741
4027 0.248009
4028 0.87547
4029 0.825267
4030 0.783163
4031 0.773216
4032 0.712186
4033 0.701898
4034 0.669987
4035 0.65972
4036 0.0499127
4037 0.0599799
4038 0.0789205
4039 0.0688533
4040 0.0490493
4041 0.0892655
4042 0.0954208
4043 0.0082018
4044 0.0297131
4045 0.113863
4046 0.0296988
4047 0.0598081
4048 0.130069
4049 0.140376
4050 0.173452
4051 0.203241
4052 0.233331
4053 0.26312
4054 0.306174
4055 0.34611
4056 0.3762
4057 0.406825
4058 0.416872
4059 0.43759
4060 0.0656758
4061 0.0355665
4062 0.685772
4063 0.732426
4064 0.699351
4065 0.669561
4066 0.639472
4067 0.609683
4068 0.566629
4069 0.594198
4070 0.598979
4071 0.601505
4072 0.644808
4073 0.62409
4074 0.0299988
4075 0.0935736
4076 0.105426
4077 0.14429
4078 0.0269632
4079 0.152266
4080 0.206727
4081 0.0657496
4082 0.112878
4083 0.146511
4084 0.177184
4085 0.238294
4086 0.248202
4087 0.258329
4088 0.167863
4089 0.243976
4090 0.121936
4091 0.231344
4092 0.0748085
4093 0.729443
4094 0.843127
4095 0.782017
4096 0.77211
4097 0.761983
4098 0.741465
4099 0.720947
4100 0.0612071
4101 0.0710943
4102 0.111271
4103 0.141376
4104 0.171305
4105 0.181152
4106 0.218904
4107 0.2592
4108 0.279418
4109 0.0831503
4110 0.0732631
4111 0.0330868
4112 0.0029818
4113 0.325672
4114 0.406558
4115 0.368806
4116 0.328509
4117 0.308291
4118 0.0322737
4119 0.0736638
4120 0.123667
4121 0.155088
4122 0.184957
4123 0.246313
4124 0.256701
4125 0.287085
4126 0.297113
4127 0.317571
4128 0.337709
4129 0.0584589
4130 0.0170688
4131 0.24285
4132 0.299571
4133 0.269702
4134 0.208346
4135 0.197959
4136 0.167574
4137 0.157546
4138 0.137088
4139 0.11695
4140 0.0504327
4141 0.0603399
4142 0.121156
4143 0.165316
4144 0.185774
4145 0.216399
4146 0.227584
4147 0.037709
4148 0.0278018
4149 0.125596
4150 0.142138
4151 0.12168
4152 0.0910549
4153 0.0798697
4154 0.0511805
4155 0.0819664
4156 0.122903
4157 0.154731
4158 0.178242
4159 0.229813
4160 0.297712
4161 0.309705
4162 0.341542
4163 0.404023
4164 0.433932
4165 0.0095218
4166 0.267261
4167 0.228252
4168 0.19859
4169 0.279707
4170 0.215368
4171 0.147469
4172 0.135476
4173 0.103639
4174 0.128625
4175 0.158414
4176 0.168321
4177 0.188495
4178 0.249531
4179 0.269709
4180 0.27803
4181 0.28597
4182 0.0411582
4183 0.0112489
4184 0.191729
4185 0.404159
4186 0.452456
4187 0.442549
4188 0.422375
4189 0.361339
4190 0.341161
4191 0.330914
4192 0.320807
4193 0.31042
4194 0.0315283
4195 0.0716647
4196 0.112868
4197 0.122835
4198 0.154265
4199 0.204008
4200 0.234493
4201 0.246128
4202 0.0465581
4203 0.0064218
4204 0.389314
4205 0.436432
4206 0.405002
4207 0.355259
4208 0.324774
4209 0.313139
4210 0.0399458
4211 0.103006
4212 0.112973
4213 0.143983
4214 0.183539
4215 0.193366
4216 0.233483
4217 0.263632
4218 0.293281
4219 0.313559
4220 0.335101
4221 0.0171391
4222 0.260919
4223 0.39639
4224 0.36538
4225 0.325824
4226 0.315997
4227 0.27588
4228 0.245731
4229 0.216082
4230 0.195804
4231 0.174262
4232 0.0300788
4233 0.0800659
4234 0.0900131
4235 0.140236
4236 0.16039
4237 0.201406
4238 0.211833
4239 0.115359
4240 0.0653722
4241 0.055425
4242 0.00520181
4243 0.479237
4244 0.486328
4245 0.475901
4246 0.0399458
4247 0.080062
4248 0.0900292
4249 0.123274
4250 0.153424
4251 0.187343
4252 0.237806
4253 0.247874
4254 0.299397
4255 0.329186
4256 0.379329
4257 0.399223
4258 0.40929
4259 0.430048
4260 0.0081618
4261 0.915899
4262 0.957079
4263 0.923834
4264 0.893685
4265 0.859765
4266 0.809302
4267 0.881973
4268 0.838884
4269 0.812368
4270 0.896816
4271 0.876922
4272 0.866855
4273 0.846096
4274 0.0306188
4275 0.0807021
4276 0.111287
4277 0.121194
4278 0.0205288
4279 0.199482
4280 0.168897
4281 0.15899
4282 0.0439575
4283 0.10118
4284 0.111167
4285 0.141217
4286 0.171266
4287 0.222713
4288 0.224286
4289 0.251122
4290 0.102341
4291 0.0451184
4292 0.0351311
4293 0.0050818
4294 0.194542
4295 0.277177
4296 0.26717
4297 0.23706
4298 0.0304788
4299 0.0700151
4300 0.149994
4301 0.200738
4302 0.210925
4303 0.260608
4304 0.270655
4305 0.300724
4306 0.320838
4307 0.353424
4308 0.363691
4309 0.373858
4310 0.394056
4311 0.103604
4312 0.0640672
4313 0.854703
4314 0.877495
4315 0.867308
4316 0.817625
4317 0.807578
4318 0.777508
4319 0.757394
4320 0.724809
4321 0.849238
4322 0.851263
4323 0.907922
4324 0.0416332
4325 0.0635533
4326 0.11358
4327 0.143629
4328 0.165451
4329 0.185869
4330 0.0319019
4331 0.0099818
4332 0.392755
4333 0.362706
4334 0.340885
4335 0.320467
4336 0.0649384
4337 0.11903
4338 0.130659
4339 0.140566
4340 0.172386
4341 0.196207
4342 0.229612
4343 0.262713
4344 0.28073
4345 0.233166
4346 0.23515
4347 0.179075
4348 0.167446
4349 0.157538
4350 0.125718
4351 0.145486
4352 0.068492
4353 0.0353911
4354 0.0051818
4355 0.0315895
4356 0.0665863
4357 0.136771
4358 0.187621
4359 0.25164
4360 0.331931
4361 0.372194
4362 0.445313
4363 0.548121
4364 0.59631
4365 0.620345
4366 0.616133
4367 0.616133
4368 0.602036
4369 0.602036
4370 0.602036
4371 0.602036
4372 0.0104093
4373 0.539137
4374 0.0408324
4375 0.438529
4376 0.438529
4377 0.0110293
4378 0.417482
4379 0.0104093
4380 0.354084
4381 0.0201458
4382 0.264056
4383 0.0107093
4384 0.233229
4385 0.0114093
4386 0.159411
4387 0.0840397
4388 0.0381164
4389 0.0192368
4390 0.0924197
4391 0.146125
4392 0.152963
4393 0.0259126
4394 0.0538044
4395 0.0298844
4396 0.0418164
4397 0.0764198
4398 0.0560905
4399 0.0424529
4400 0.0202602
4401 0.0141107
4402 0.0501727
4403 0.0622255
4404 0.0179716
4405 0.0201734
4406 0.0645111
4407 0.0855649
4408 0.101535
4409 0.111642
4410 0.0729448
4411 0.0675859
4412 0.0393079
4413 0.0337784
4414 0.0539384
4415 0.0856277
4416 0.100042
4417 0.130188
4418 0.15945
4419 0.209054
4420 0.214403
4421 0.244792
4422 0.0712205
4423 0.0395311
4424 0.0094218
4425 1.21191
4426 1.32202
4427 1.2985
4428 1.29506
4429 1.27271
4430 0.0398458
4431 0.0699351
4432 0.100064
4433 0.122045
4434 0.151864
4435 0.123742
4436 0.0996773
4437 0.0795234
4438 0.0941738
4439 0.107727
4440 0.140934
4441 0.201004
4442 0.210851
4443 0.250788
4444 0.261992
4445 0.28399
4446 0.316107
4447 0.326562
4448 0.0088588
4449 0.118615
4450 0.0789191
4451 0.018849
4452 0.0090018
4453 0.126097
4454 0.131287
4455 0.113686
4456 0.0864499
4457 0.0770924
4458 0.0960817
4459 0.189228
4460 0.221528
4461 0.220125
4462 0.203731
4463 0.199334
4464 0.186413
4465 0.186413
4466 0.175533
4467 0.0111893
4468 0.112854
4469 0.042069
4470 0.0206635
4471 0.0543943
4472 0.0746894
4473 0.0381281
4474 0.0565505
4475 0.0305388
4476 0.0212399
4477 0.0540456
4478 0.0622059
4479 0.0203801
4480 0.0119399
4481 0.0399058
4482 0.106024
4483 0.0162657
4484 0.0601999
4485 0.0722327
4486 0.0303457
4487 0.0230715
4488 0.109651
4489 0.0330118
4490 0.0732081
4491 0.0903532
4492 0.0838996
4493 0.0497529
4494 0.0340525
4495 0.0780864
4496 0.0728472
4497 0.128863
4498 0.160372
4499 0.17028
4500 0.200789
4501 0.216909
4502 0.030896
4503 0.0209088
4504 0.600763
4505 0.607231
4506 0.641
4507 0.612678
4508 0.610038
4509 0.0305188
4510 0.0713201
4511 0.0413843
4512 0.022477
4513 0.0532196
4514 0.0623179
4515 0.0330226
4516 0.0601496
4517 0.0699066
4518 0.0797538
4519 0.125277
4520 0.135404
4521 0.0804852
4522 0.169332
4523 0.135788
4524 0.132571
4525 0.0504327
4526 0.0619059
4527 0.0926352
4528 0.0748269
4529 0.0694264
4530 0.0556635
4531 0.069578
4532 0.110434
4533 0.113531
4534 0.165905
4535 0.170917
4536 0.185092
4537 0.0721838
4538 0.019349
4539 0.0093418
4540 0.0570346
4541 0.109519
4542 0.0783778
4543 0.0296388
4544 0.0598481
4545 0.0898975
4546 0.141941
4547 0.152008
4548 0.0339311
4549 0.0037218
4550 0.244876
4551 0.220918
4552 0.210851
4553 0.0597396
4554 0.0696068
4555 0.125276
4556 0.147334
4557 0.167732
4558 0.446228
4559 0.534759
4560 0.481317
4561 0.487187
4562 0.481275
4563 0.0300388
4564 0.0698951
4565 0.163032
4566 0.101208
4567 0.0982165
4568 0.109579
4569 0.147268
4570 0.129167
4571 0.137863
4572 0.168024
4573 0.0529668
4574 0.15296
4575 0.175645
4576 0.0080218
4577 0.122889
4578 0.124263
4579 0.123899
4580 0.105678
4581 0.0944779
4582 0.0819133
4583 0.115336
4584 0.197981
4585 0.24857
4586 0.3325
4587 0.370083
4588 0.40608
4589 0.389314
4590 0.379193
4591 0.0112893
4592 0.307455
4593 0.0201258
4594 0.215974
4595 0.0100893
4596 0.175421
4597 0.175421
4598 0.10472
4599 0.0593967
4600 0.015675
4601 0.082389
4602 0.088992
4603 0.112855
4604 0.0401782
4605 0.0364461
4606 0.090822
4607 0.0487133
4608 0.0631163
4609 0.0830074
4610 0.0683989
4611 0.0335917
4612 0.022238
4613 0.0300188
4614 0.0971572
4615 0.0073788
4616 0.0817093
4617 0.0990892
4618 0.0260829
4619 0.0277387
4620 0.074136
4621 0.0952059
4622 0.0188884
4623 0.113132
4624 0.12536
4625 0.0957924
4626 0.0765495
4627 0.196477
4628 0.187546
4629 0.0543326
4630 0.084842
4631 0.114831
4632 0.135189
4633 0.153961
4634 0.129037
4635 0.102501
4636 0.0803285
4637 0.0617973
4638 0.0490488
4639 0.0837358
4640 0.0809589
4641 0.113379
4642 0.151832
4643 0.153849
4644 0.13219
4645 0.156929
4646 0.12083
4647 0.107344
4648 0.167908
4649 0.0299188
4650 0.119409
4651 0.0745691
4652 0.0847364
4653 0.112688
4654 0.14168
4655 0.0320044
4656 0.0429418
4657 0.102198
4658 0.130281
4659 0.186866
4660 0.0130999
4661 0.175909
4662 0.203391
4663 0.214696
4664 0.136738
4665 0.105788
4666 0.0757591
4667 0.015909
4668 0.0057618
4669 0.0359735
4670 0.083891
4671 0.0517809
4672 0.0817303
4673 0.1131
4674 0.133253
4675 0.162903
4676 0.183401
4677 0.0074418
4678 0.243446
4679 0.323469
4680 0.307401
4681 0.293479
4682 0.370925
4683 0.0693065
4684 0.0792137
4685 0.0893609
4686 0.224126
4687 0.220578
4688 0.212338
4689 0.0609858
4690 0.0876449
4691 0.0823257
4692 0.138298
4693 0.113957
4694 0.107764
4695 0.0339717
4696 0.0626513
4697 0.0640188
4698 0.128044
4699 0.161541
4700 0.189603
4701 0.190613
4702 0.196038
4703 0.241347
4704 0.247017
4705 0.109043
4706 0.045018
4707 0.0051618
4708 0.117711
4709 0.285119
4710 0.294863
4711 0.264978
4712 0.286921
4713 0.189219
4714 0.208986
4715 0.23059
4716 0.242783
4717 0.0581403
4718 0.0706522
4719 0.0365669
4720 0.0365669
4721 0.0580974
4722 0.016929
4723 0.0509273
4724 0.0447811
4725 0.0976369
4726 0.180464
4727 0.197126
4728 0.318325
4729 0.368337
4730 0.0110093
4731 0.336838
4732 0.0318883
4733 0.0185082
4734 0.280628
4735 0.28607
4736 0.0862813
4737 0.102869
4738 0.084942
4739 0.0326282
4740 0.0227153
4741 0.0502293
4742 0.136476
4743 0.0109093
4744 0.116514
4745 0.179886
4746 0.0312589
4747 0.12487
4748 0.194928
4749 0.0105493
4750 0.280225
4751 0.332397
4752 0.381922
4753 0.430356
4754 0.0311026
4755 0.341065
4756 0.0106293
4757 0.309958
4758 0.0102093
4759 0.109991
4760 0.0756549
4761 0.0283565
4762 0.0147116
4763 0.0111693
4764 0.0530526
4765 0.0886621
4766 0.0434355
4767 0.0318708
4768 0.0542436
4769 0.040366
4770 0.0178336
4771 0.0658712
4772 0.0318588
4773 0.0305837
4774 0.0299988
4775 0.0798186
4776 0.0091188
4777 0.0766299
4778 0.0158457
4779 0.05148
4780 0.0715981
4781 0.0670954
4782 0.0378056
4783 0.0940344
4784 0.0331658
4785 0.0610881
4786 0.10638
4787 0.102194
4788 0.0354788
4789 0.0535432
4790 0.0677757
4791 0.05192
4792 0.0729801
4793 0.103362
4794 0.0811495
4795 0.0754553
4796 0.0607448
4797 0.035605
4798 0.0485909
4799 0.102268
4800 0.136975
4801 0.139953
4802 0.179749
4803 0.0379971
4804 0.121
4805 0.120026
4806 0.124941
4807 0.121901
4808 0.0841516
4809 0.0895236
4810 0.0320188
4811 0.0451956
4812 0.083375
4813 0.0859556
4814 0.143843
4815 0.163636
4816 0.189053
4817 0.212493
4818 0.0496878
4819 0.127226
4820 0.12072
4821 0.0672918
4822 0.047498
4823 0.0068418
4824 0.0426842
4825 0.117399
4826 0.0399258
4827 0.0799221
4828 0.121856
4829 0.131783
4830 0.153031
4831 0.044836
4832 0.00483968
4833 0.0505079
4834 0.188886
4835 0.170671
4836 0.0315683
4837 0.0614377
4838 0.101954
4839 0.122152
4840 0.143746
4841 0.157495
4842 0.0914584
4843 0.0712603
4844 0.12028
4845 0.130508
4846 0.1387
4847 0.127808
4848 0.0983428
4849 0.0571882
4850 0.11888
4851 0.107655
4852 0.0945708
4853 0.0804175
4854 0.0314483
4855 0.0614377
4856 0.0919506
4857 0.0404711
4858 0.0104818
4859 0.0240044
4860 0.0499127
4861 0.0610859
4862 0.110777
4863 0.146278
4864 0.176627
4865 0.208084
4866 0.238733
4867 0.0215529
4868 0.0184923
4869 0.197337
4870 0.219814
4871 0.197154
4872 0.249381
4873 0.227871
4874 0.218674
4875 0.272931
4876 0.261722
4877 0.242847
4878 0.0410013
4879 0.0731107
4880 0.277176
4881 0.291939
4882 0.0809519
4883 0.0823792
4884 0.070107
4885 0.198297
4886 0.197359
4887 0.200081
4888 0.0511174
4889 0.0621264
4890 0.0710907
4891 0.140034
4892 0.119808
4893 0.103628
4894 0.0339388
4895 0.061108
4896 0.128902
4897 0.140215
4898 0.148175
4899 0.221151
4900 0.218509
4901 0.260548
4902 0.29112
4903 0.316491
4904 0.342623
4905 0.0329792
4906 0.0307428
4907 0.0249733
4908 0.258867
4909 0.290346
4910 0.306486
4911 0.317592
4912 0.192121
4913 0.182054
4914 0.134146
4915 0.0939298
4916 0.0640605
4917 0.0337311
4918 0.0037818
4919 0.0553199
4920 0.132553
4921 0.121448
4922 0.0502527
4923 0.0600799
4924 0.0901292
4925 0.120559
4926 0.163811
4927 0.204067
4928 0.224061
4929 0.246342
4930 0.0472384
4931 0.0374111
4932 0.0073618
4933 0.283498
4934 0.272518
4935 0.232262
4936 0.212268
4937 0.366374
4938 0.0595197
4939 0.109983
4940 0.11985
4941 0.143408
4942 0.177961
4943 0.202746
4944 0.204725
4945 0.165628
4946 0.163597
4947 0.15251
4948 0.120164
4949 0.101249
4950 0.0361767
4951 0.147968
4952 0.169862
4953 0.210158
4954 0.0406583
4955 0.184513
4956 0.24501
4957 0.248463
4958 0.276437
4959 0.286324
4960 0.316549
4961 0.326476
4962 0.101353
4963 0.0794588
4964 0.0391626
4965 0.00922181
4966 0.474866
4967 0.535627
4968 0.505606
4969 0.495719
4970 0.465494
4971 0.455566
4972 0.0300388
4973 0.0613681
4974 0.111151
4975 0.143161
4976 0.153008
4977 0.0420111
4978 0.0106818
4979 0
4980 0
4981 0
4982 0
4983 0
