1 0.00138074
2 0
3 0.0974803
4 0.0139369
5 0.0074948
6 0.0518527
7 0.0894872
8 0.0449093
9 0.0229028
10 0.0425518
11 0.0557103
12 0.0658575
13 0.102671
14 0.113844
15 0.0231356
16 0.019998
17 0.107406
18 0.170016
19 0.183545
20 0.193932
21 0.154326
22 0.218806
23 0.205075
24 0.154737
25 0.288426
26 0.31426
27 0.0404058
28 0.0673081
29 0.264833
30 0.240317
31 0.0558852
32 0.139337
33 0.199267
34 0.251725
35 0.270082
36 0.301885
37 0.178673
38 0.00706122
39 0.0631259
40 0.168276
41 0.220058
42 0.249471
43 0.259938
44 0.270326
45 0.291124
46 0.311662
47 0.3327
48 2.13258
49 2.15766
50 2.15417
51 0.00547371
52 0
53 0
54 0
55 0
56 0
57 2.24127
58 0
59 2.22264
60 0.00533654
61 0
62 0
63 0
64 0
65 0
66 2.18532
67 0
68 0
69 0
70 0
71 0
72 0
73 0
74 2.22341
75 0
76 2.22272
77 0
78 2.22199
79 0
80 2.27689
81 0
82 0
83 0
84 0
85 0
86 0
87 0
88 0
89 0
90 0
91 0
92 2.34318
93 0
94 0
95 0
96 0
97 0
98 0
99 0
100 0
101 0
102 0
103 0
104 0
105 2.32857
106 0
107 0
108 0
109 0
110 0
111 0
112 0
113 0
114 0
115 0
116 0
117 0
118 0
119 0
120 0
121 0
122 0
123 0
124 0
125 0
126 0
127 0
128 0
129 0
130 0
131 0
132 0
133 0
134 0
135 0
136 0
137 0
138 0
139 0
140 0
141 0
142 0
143 0.0306948
144 2.17935
145 0
146 0
147 0
148 0
149 0
150 0
151 0
152 0
153 0
154 0
155 0
156 0
157 0
158 0
159 0
160 0
161 0
162 0
163 0
164 0
165 0
166 0
167 0
168 0
169 0
170 0
171 0
172 0
173 0
174 0
175 0
176 0
177 0
178 0
179 0
180 0
181 0
182 0
183 0
184 0
185 0
186 0
187 0
188 0
189 0
190 0
191 0
192 0
193 0
194 0
195 0
196 0
197 0
198 0
199 0
200 0
201 0
202 0
203 0
204 0
205 0
206 0
207 0
208 0
209 0
210 0
211 0
212 0
213 0
214 0
215 0
216 0
217 0
218 0
219 0
220 0
221 0
222 0
223 0
224 0
225 0
226 0
227 0
228 0
229 0
230 0
231 0
232 0
233 0
234 0
235 0
236 0
237 0
238 0
239 0
240 0
241 0
242 0
243 0
244 0
245 0
246 0
247 0
248 0
249 0
250 0
251 0
252 0
253 0
254 0
255 0
256 0
257 0
258 0
259 0
260 0
261 0
262 0
263 0
264 0
265 0
266 0
267 0
268 0
269 0
270 0
271 0
272 0
273 0
274 0
275 0
276 0
277 0
278 0
279 0
280 0
281 0
282 0
283 0
284 0
285 0
286 0
287 0
288 0
289 0
290 0
291 0
292 0
293 0
294 0
295 0
296 0
297 0
298 0
299 0
300 0
301 0
302 0
303 0
304 0
305 0
306 0
307 0
308 0
309 0
310 0
311 0
312 0
313 0
314 0
315 0
316 0
317 0
318 0
319 0
320 0
321 0
322 0
323 0
324 0
325 0
326 0
327 0
328 0
329 0
330 0
331 0
332 0
333 0
334 0
335 0
336 0
337 0
338 0
339 0
340 0
341 0
342 0
343 0
344 0
345 0
346 0
347 0
348 0
349 0
350 0
351 0
352 0
353 0
354 0
355 0
356 0
357 0
358 0
359 0
360 0
361 0
362 0
363 0
364 0
365 0
366 0
367 0
368 0
369 0
370 0
371 0
372 0
373 0
374 0
375 0
376 0
377 0
378 0
379 0
380 0
381 0
382 0
383 0
384 0
385 0
386 0
387 0
388 0
389 0
390 0
391 0
392 0
393 0
394 0
395 0
396 0
397 0
398 0
399 0
400 0
401 0
402 0
403 0
404 0
405 0
406 0
407 0
408 0
409 0
410 0
411 0
412 0
413 0
414 0
415 0
416 0
417 0
418 0
419 0.0303748
420 0
421 0
422 0
423 0
424 0
425 0
426 0
427 0
428 0
429 0
430 0
431 0
432 0
433 1.30728
434 0
435 0
436 0
437 0
438 0
439 0
440 0
441 0
442 0
443 0
444 0
445 0
446 0
447 0
448 0
449 0
450 0
451 0
452 0
453 0
454 0
455 0
456 0
457 0
458 0
459 0
460 0
461 0
462 0
463 0
464 0
465 0
466 0
467 0
468 0
469 0
470 0
471 0
472 0
473 0
474 0
475 0
476 0
477 0
478 0
479 0
480 0
481 0
482 0
483 0
484 0
485 0
486 0
487 0
488 0
489 0
490 0
491 0
492 0
493 0
494 0
495 0
496 0
497 0
498 0
499 0
500 0
501 0
502 0
503 0
504 0
505 0
506 0
507 0
508 0
509 0
510 0
511 0
512 0
513 0
514 0
515 0
516 0
517 0
518 0
519 0
520 0
521 0
522 0
523 0
524 0
525 0
526 0
527 0
528 0
529 0
530 0
531 0
532 0
533 0
534 0
535 0
536 0
537 0
538 0
539 0
540 0
541 0
542 0
543 0
544 0
545 0
546 0
547 0
548 0
549 0
550 0
551 0
552 0
553 0
554 0
555 0
556 0
557 0
558 0
559 0
560 0
561 0
562 0
563 0
564 0
565 0
566 0
567 0
568 0
569 0
570 0
571 0
572 0
573 0
574 0
575 0
576 0
577 0
578 0
579 0
580 0
581 0
582 0
583 0
584 0
585 0
586 0
587 0
588 0
589 0
590 0
591 0
592 0
593 0
594 0
595 0
596 0
597 0
598 0
599 0
600 0
601 0
602 0
603 0
604 0
605 0
606 0
607 0
608 0
609 0
610 0
611 0
612 0
613 0
614 0
615 0
616 0
617 0
618 0
619 0
620 0
621 0
622 0
623 0
624 0
625 0
626 0
627 0
628 0
629 0
630 0
631 0
632 0
633 0
634 0
635 0
636 0
637 0
638 0
639 0
640 0
641 0
642 0
643 0
644 0
645 0.000820804
646 0
647 0
648 0
649 0
650 0
651 0
652 0
653 0
654 0
655 0
656 0
657 0
658 0
659 0.00209841
660 0.0305388
661 0.0610881
662 0.0590571
663 0.098427
664 0.0595014
665 0.0574362
666 0.110825
667 0.0996567
668 0.161602
669 0.0510329
670 0.121704
671 0.124007
672 0.0427943
673 0.143837
674 0.0582339
675 0.0669616
676 0.139057
677 0.169748
678 0.0523965
679 0.0624237
680 0.145714
681 0.145316
682 0.0354613
683 0.0847852
684 0.0304588
685 0.0468675
686 0.0647275
687 0.0969743
688 0.138988
689 0.149455
690 0.161664
691 0.145066
692 0.10985
693 0.133535
694 0.126172
695 0.212605
696 0.0373984
697 0.0615317
698 0.159425
699 0.134743
700 0.0372433
701 0.0649081
702 0.0957175
703 0.190946
704 0.165756
705 0.21296
706 0.0423293
707 0.0674989
708 0.0923775
709 0.161962
710 0.147799
711 0.23929
712 0.0582253
713 0.0630128
714 0.215615
715 0.442854
716 0.0498102
717 0.0903464
718 0.117431
719 0.112502
720 0.510308
721 0.484831
722 0.0119202
723 0
724 0
725 0
726 0
727 0.246285
728 0
729 0.0122756
730 0.00727831
731 0
732 0
733 0
734 0
735 0
736 0.237235
737 0
738 0.0392267
739 0.0056118
740 0.0215421
741 0.0430713
742 0.10383
743 0.143159
744 0.222223
745 0.247737
746 0.33507
747 0.451274
748 0.329286
749 0.2816
750 0.244618
751 0.00600123
752 0.0101587
753 0
754 0
755 0
756 0
757 0.118055
758 0.0320283
759 0.0262734
760 0.0949599
761 0.0652309
762 0.132246
763 0.142433
764 0.175334
765 0.195972
766 0.214111
767 0.187552
768 0.197599
769 0.173261
770 0.16746
771 0.161266
772 0.150924
773 0.208226
774 0.213231
775 0.282694
776 0.476193
777 0.0727204
778 0.0791989
779 0.17174
780 0.00134875
781 0
782 0
783 0
784 0
785 0
786 0
787 0
788 0.172012
789 0.438974
790 0.0156981
791 0
792 0
793 0
794 0
795 0
796 0.019796
797 0.450612
798 0
799 0.00615179
800 0.185017
801 0.272211
802 0.0809666
803 0.0605739
804 0.182988
805 0.197643
806 0.222444
807 0.285346
808 0.295613
809 0.30578
810 0.325898
811 0.0620128
812 0.0115012
813 0.27617
814 0.00118875
815 0
816 0
817 0.00327424
818 0.0151454
819 0
820 0
821 0.287389
822 0
823 0.0121556
824 0.283555
825 0
826 0.15729
827 0.0732097
828 0.118368
829 0.121149
830 0.200536
831 0.304313
832 0.269617
833 0.286556
834 0.289082
835 0.270278
836 0.348093
837 0.239975
838 0.241644
839 0.164445
840 0.0156635
841 0.146135
842 0.0733716
843 0.151797
844 0.149192
845 0.155826
846 0.177417
847 0.243244
848 0.25662
849 0.29575
850 0.336254
851 0.104096
852 0.0985446
853 0.0700704
854 0.0746225
855 0.069053
856 0.155502
857 0.212284
858 0.226141
859 0.253326
860 0.298847
861 0.304116
862 0.210273
863 0.278744
864 2.40989
865 0.193892
866 2.68455
867 2.87107
868 2.83443
869 0.0115004
870 0
871 0
872 0
873 0
874 0
875 0.0118756
876 2.60224
877 0
878 0.0714513
879 0.12841
880 2.24388
881 2.30612
882 2.57974
883 0.0456658
884 0.0666039
885 2.66688
886 2.75872
887 0.0343364
888 0.0950266
889 0.106476
890 0.128374
891 0.159403
892 0.190413
893 2.38381
894 0.00146875
895 0
896 0
897 0
898 0
899 0
900 0
901 0
902 0
903 0
904 0
905 0
906 0
907 0
908 0
909 0
910 0
911 0
912 0
913 0
914 0
915 0
916 2.33487
917 0.00919688
918 2.37943
919 0
920 0
921 0
922 0
923 0
924 0
925 0
926 0
927 0
928 0
929 0
930 0
931 0
932 0
933 2.3946
934 0
935 2.48912
936 0
937 0
938 0
939 0
940 0
941 0
942 0
943 0
944 0
945 0
946 0
947 0
948 0
949 0
950 0
951 0
952 2.56865
953 0
954 0
955 0
956 0
957 0
958 0
959 0
960 0
961 0
962 0
963 0
964 0
965 0
966 0
967 0
968 0
969 0
970 0
971 0
972 0
973 0
974 0
975 0
976 0
977 0
978 0
979 0
980 0
981 0
982 0
983 0
984 0
985 0
986 0
987 0
988 0
989 0
990 0
991 0
992 0
993 0
994 0
995 0
996 0
997 0
998 0
999 0
1000 0
1001 0
1002 0
1003 0
1004 0
1005 0
1006 0
1007 0
1008 0
1009 0
1010 0
1011 0
1012 0
1013 0
1014 0
1015 0
1016 0
1017 0
1018 0
1019 0
1020 0
1021 0
1022 0
1023 0
1024 0
1025 0
1026 0
1027 0
1028 0
1029 0
1030 0
1031 0
1032 0
1033 0
1034 0
1035 0
1036 0
1037 0
1038 0
1039 0
1040 0
1041 0
1042 0
1043 0
1044 0
1045 0
1046 0
1047 0
1048 0
1049 0
1050 0
1051 0
1052 0
1053 0
1054 0
1055 0
1056 0
1057 0
1058 0
1059 0
1060 0
1061 0
1062 0
1063 0
1064 0
1065 0
1066 0
1067 0
1068 0
1069 0
1070 0
1071 0
1072 0
1073 0
1074 0
1075 0
1076 0
1077 0
1078 0
1079 0
1080 0
1081 0
1082 0
1083 0
1084 0
1085 0
1086 0
1087 0
1088 0
1089 0
1090 0
1091 0
1092 0
1093 0
1094 0
1095 0
1096 0
1097 0
1098 0
1099 0
1100 0
1101 0
1102 0
1103 0
1104 0
1105 0
1106 0
1107 0
1108 0
1109 0
1110 0
1111 0
1112 0
1113 0
1114 0
1115 0
1116 0
1117 0
1118 0
1119 0
1120 0
1121 0
1122 0
1123 0
1124 0
1125 0
1126 0
1127 0
1128 0
1129 0
1130 0
1131 0
1132 0
1133 0
1134 0
1135 0
1136 0
1137 0
1138 0
1139 0
1140 0
1141 0
1142 0
1143 0
1144 0
1145 0
1146 0.0305748
1147 1.80244
1148 0
1149 0
1150 0
1151 0
1152 0
1153 0
1154 0
1155 0
1156 0
1157 0
1158 0
1159 0
1160 0
1161 0
1162 0
1163 0
1164 0
1165 0
1166 0
1167 0
1168 0
1169 0
1170 0
1171 0
1172 0
1173 0
1174 0
1175 0
1176 0
1177 0
1178 0
1179 0
1180 0
1181 0
1182 0
1183 0
1184 0
1185 0
1186 0
1187 0
1188 0
1189 0
1190 0
1191 0
1192 0
1193 0
1194 0
1195 0
1196 0
1197 0
1198 0
1199 0
1200 0
1201 0
1202 0
1203 0
1204 0
1205 0
1206 0
1207 0
1208 0
1209 0
1210 0
1211 0
1212 0
1213 0
1214 0
1215 0
1216 0
1217 0
1218 0
1219 0
1220 0
1221 0
1222 0
1223 0
1224 0
1225 0
1226 0
1227 0
1228 0
1229 0
1230 0
1231 0
1232 0
1233 0
1234 0
1235 0
1236 0
1237 0
1238 0
1239 0
1240 0
1241 0
1242 0
1243 0
1244 0
1245 0
1246 0
1247 0
1248 0
1249 0
1250 0
1251 0
1252 0
1253 0
1254 0
1255 0
1256 0
1257 0
1258 0
1259 0
1260 0
1261 0
1262 0
1263 0
1264 0
1265 0
1266 0
1267 0
1268 0
1269 0
1270 0
1271 0
1272 0
1273 0
1274 0
1275 0
1276 0
1277 0
1278 0
1279 0
1280 0
1281 0
1282 0
1283 0
1284 0
1285 0
1286 0
1287 0
1288 0
1289 0
1290 0
1291 0
1292 0
1293 0
1294 0
1295 0
1296 0
1297 0
1298 0
1299 0
1300 0
1301 0
1302 0
1303 0
1304 0
1305 0
1306 0
1307 0
1308 0
1309 0
1310 0
1311 0
1312 0
1313 0
1314 0
1315 0
1316 0
1317 0
1318 0
1319 0
1320 0
1321 0
1322 0
1323 0
1324 0
1325 0
1326 0
1327 0
1328 0
1329 0
1330 0
1331 0
1332 0
1333 0
1334 0
1335 0
1336 0
1337 0
1338 0
1339 0
1340 0
1341 0
1342 0
1343 0
1344 0
1345 0
1346 0
1347 0
1348 0
1349 0
1350 0
1351 0
1352 0
1353 0
1354 0
1355 0
1356 0
1357 0
1358 0
1359 0
1360 0
1361 0
1362 0
1363 0
1364 0
1365 0
1366 0
1367 0
1368 0
1369 0
1370 0
1371 0
1372 0
1373 0
1374 0
1375 0
1376 0
1377 0
1378 0
1379 0
1380 0
1381 0
1382 0
1383 0
1384 0
1385 0
1386 0
1387 0
1388 0
1389 0
1390 0
1391 0
1392 0
1393 0
1394 0
1395 0
1396 0
1397 0
1398 0
1399 0
1400 0
1401 0
1402 0
1403 0
1404 0
1405 0
1406 0
1407 0
1408 0
1409 0
1410 0
1411 0
1412 0
1413 0
1414 0
1415 0
1416 0
1417 0
1418 0
1419 0
1420 0
1421 0
1422 0
1423 0
1424 0
1425 0
1426 0
1427 0
1428 0
1429 0
1430 0
1431 0
1432 0
1433 0
1434 0
1435 0
1436 0
1437 0
1438 0
1439 0
1440 0
1441 0
1442 0
1443 0
1444 0
1445 0
1446 0
1447 0
1448 0
1449 0
1450 0
1451 0
1452 0
1453 0
1454 0
1455 0
1456 0
1457 0
1458 0
1459 0
1460 0
1461 0
1462 0
1463 0
1464 0
1465 0
1466 0
1467 0
1468 0
1469 0
1470 0
1471 0
1472 0
1473 0
1474 0
1475 0
1476 0
1477 0
1478 0
1479 0
1480 0
1481 0
1482 0
1483 0
1484 0
1485 0
1486 0
1487 0
1488 0
1489 0
1490 0
1491 0
1492 0
1493 0
1494 0
1495 0
1496 0
1497 0
1498 0
1499 0
1500 0
1501 0
1502 0
1503 0
1504 0
1505 0
1506 0
1507 0
1508 0
1509 0
1510 0
1511 0
1512 0
1513 0
1514 0
1515 0
1516 0
1517 0
1518 0
1519 0
1520 0
1521 0
1522 0
1523 0
1524 0
1525 0
1526 0
1527 0
1528 0
1529 0
1530 0
1531 0
1532 0
1533 0
1534 0
1535 0
1536 0
1537 0
1538 0
1539 0
1540 0
1541 0
1542 0
1543 0
1544 0
1545 0
1546 0
1547 0
1548 0
1549 0
1550 0
1551 0
1552 0
1553 0
1554 0
1555 0
1556 0
1557 0
1558 0
1559 0
1560 0
1561 0
1562 0
1563 0
1564 0
1565 0
1566 0
1567 0
1568 0
1569 0
1570 0
1571 0
1572 0
1573 0
1574 0
1575 0
1576 0
1577 0
1578 0
1579 0
1580 0
1581 0
1582 0
1583 0
1584 0
1585 0
1586 0
1587 0
1588 0
1589 0
1590 0
1591 0
1592 0
1593 0
1594 0
1595 0
1596 0
1597 0
1598 0
1599 0
1600 0
1601 0
1602 0
1603 0
1604 0
1605 0
1606 0
1607 0
1608 0.0012008
1609 0
1610 0
1611 0
1612 0
1613 0
1614 0
1615 0
1616 0
1617 0
1618 0
1619 0
1620 0
1621 0
1622 0
1623 0
1624 0
1625 0.00175841
1626 0.0305988
1627 0.0646197
1628 0.121179
1629 0.253926
1630 0.0488387
1631 0.0694968
1632 0.490574
1633 0.533161
1634 0.0303988
1635 0.0610681
1636 0.102088
1637 0.127614
1638 0.347821
1639 0.427534
1640 0.00112075
1641 0
1642 0
1643 0
1644 0
1645 0
1646 0
1647 0
1648 0
1649 0
1650 0
1651 0
1652 0
1653 0
1654 0
1655 0
1656 0
1657 0
1658 0
1659 0
1660 0
1661 0
1662 0.412491
1663 0.0185401
1664 0.0120356
1665 0.398087
1666 0
1667 0.0308788
1668 0.0219565
1669 0.0567749
1670 0.0772287
1671 0.0999185
1672 0.193435
1673 0.230224
1674 0.236193
1675 0.00817639
1676 0
1677 0
1678 0
1679 0
1680 0
1681 0
1682 0
1683 0
1684 0
1685 0
1686 0
1687 0.233627
1688 0
1689 0.47722
1690 0.013611
1691 0.00369529
1692 0.00808532
1693 0.060622
1694 0.0542727
1695 0.103265
1696 0.17753
1697 0.187838
1698 0.358396
1699 0.338104
1700 0.222144
1701 0.150346
1702 0.0797112
1703 0.0114375
1704 0.125856
1705 0.153923
1706 0.16425
1707 0.0498122
1708 0.0666408
1709 0.0533471
1710 0.0871306
1711 0.0340993
1712 0.0308217
1713 0.111199
1714 0.141108
1715 0.171761
1716 0.172929
1717 0.216223
1718 0.0093388
1719 0.185531
1720 0.162344
1721 0.164462
1722 0.410219
1723 0.407005
1724 0.0312565
1725 0
1726 0
1727 0
1728 0
1729 0
1730 0
1731 0
1732 0.371714
1733 0.0128073
1734 0.0129936
1735 0.217465
1736 0
1737 0.00636923
1738 0.0042518
1739 0.0306788
1740 0.0152019
1741 0.0326658
1742 0.0626082
1743 0.138281
1744 0.271571
1745 0.355802
1746 0.365849
1747 0.399869
1748 0.252705
1749 0.235807
1750 0.162621
1751 0.0198658
1752 0.05339
1753 0.127125
1754 0.911193
1755 0.961858
1756 0.975447
1757 0.141898
1758 0.186496
1759 0.155872
1760 0.252997
1761 0.0349605
1762 0.0108096
1763 0.0135213
1764 0
1765 0
1766 0.850781
1767 0.00198426
1768 0.121494
1769 0.131062
1770 0.123936
1771 0.177035
1772 0.0255138
1773 0.0226675
1774 0.255661
1775 0.321613
1776 0.158621
1777 0.0219958
1778 0.285125
1779 0.0111938
1780 0.0118738
1781 0.0110093
1782 0.0106493
1783 0.311863
1784 0.377881
1785 0.0424704
1786 0.297107
1787 0.0467614
1788 0.0263078
1789 0.384187
1790 0.4048
1791 0.566505
1792 0.00599614
1793 0
1794 0
1795 0
1796 0
1797 0
1798 0.0127983
1799 0.0042579
1800 0.601156
1801 0
1802 0.664297
1803 0
1804 0.708986
1805 0
1806 0.774997
1807 0
1808 0.0110093
1809 0.168075
1810 0.0112693
1811 0.32146
1812 0.0593095
1813 0.0172725
1814 0.0508777
1815 0.0150573
1816 0.0122693
1817 0.438044
1818 0.270202
1819 0.0153017
1820 0.0383279
1821 0.244588
1822 0.304511
1823 0.329842
1824 0.296853
1825 0.251877
1826 0.188552
1827 0.164413
1828 0.119455
1829 0.0203817
1830 0.12554
1831 0.212595
1832 0.288394
1833 0.298621
1834 0.370429
1835 0.394137
1836 0.418412
1837 0.0140493
1838 0.238405
1839 0.0329508
1840 0.0176426
1841 0.0335615
1842 0.161115
1843 0.00733118
1844 0
1845 0.238518
1846 0
1847 0.0835699
1848 0
1849 0.229138
1850 0
1851 0
1852 0
1853 0
1854 0.0264393
1855 0.191012
1856 0
1857 0.0183671
1858 0.0920901
1859 0.175593
1860 0.21438
1861 0.0362066
1862 0.023466
1863 0.0143763
1864 0
1865 0.112213
1866 0.0467422
1867 0.0420637
1868 0.0262231
1869 0
1870 0.0565567
1871 0
1872 0.108193
1873 0.178023
1874 0.0256202
1875 0.162729
1876 0.255191
1877 0.0913763
1878 0.0282454
1879 0.0226762
1880 0.133163
1881 0.19327
1882 0.25517
1883 0.319508
1884 0.0208458
1885 0.37726
1886 0.0118503
1887 0.00370374
1888 0
1889 0
1890 0
1891 0.0039179
1892 0.354439
1893 0
1894 0.0110538
1895 0.207674
1896 0.0112693
1897 0.428728
1898 0.0112093
1899 0.400372
1900 0.43068
1901 0.0995654
1902 0.20893
1903 0.0017901
1904 0
1905 0
1906 0.232659
1907 0.0102046
1908 0.202819
1909 0.0446765
1910 0.0433648
1911 0.126392
1912 0.288314
1913 0.0431758
1914 0.38242
1915 0.430835
1916 0.00531751
1917 0
1918 0
1919 0
1920 0.040689
1921 0.0039779
1922 0.102244
1923 0.13953
1924 0.105669
1925 0.111587
1926 0.0768865
1927 0.255351
1928 0.373661
1929 0.016377
1930 0.345355
1931 0.38666
1932 0.098681
1933 0.0418522
1934 0.0201548
1935 0.28617
1936 0.507136
1937 0.587328
1938 0.629052
1939 0.0878747
1940 0.0152232
1941 0
1942 0
1943 0
1944 0.0594842
1945 0
1946 0
1947 0
1948 0
1949 0.033889
1950 0.0175785
1951 0.53126
1952 0.00965127
1953 0
1954 0
1955 0
1956 0
1957 0
1958 0.119588
1959 0.176612
1960 0.0125528
1961 0.0536358
1962 0.0695844
1963 0.446369
1964 0.541007
1965 0
1966 0
1967 0
1968 0
1969 0
1970 0
1971 0.0178772
1972 0.532879
1973 0
1974 0.831897
1975 0
1976 0
1977 0
1978 0
1979 0
1980 0
1981 0
1982 0
1983 0
1984 0.00112056
1985 0
1986 0
1987 0
1988 0
1989 0
1990 0
1991 0
1992 0.00202167
1993 0.0110093
1994 0.0557194
1995 0.020368
1996 0.470361
1997 0.0108138
1998 0.00462097
1999 0
2000 0
2001 0
2002 0
2003 0.556469
2004 0
2005 0.595236
2006 0
2007 0.31359
2008 0
2009 0.00193167
2010 0.0109293
2011 0.222381
2012 0.0471774
2013 0.135651
2014 0.00227811
2015 0
2016 0
2017 0
2018 0
2019 1.23498
2020 0
2021 0.00215167
2022 0.0377098
2023 0.0199988
2024 0.343928
2025 0.80095
2026 0.914354
2027 0.0131093
2028 1.13052
2029 0.0207558
2030 1.09892
2031 1.17803
2032 0.0501777
2033 0.0137576
2034 0
2035 0
2036 0
2037 0
2038 0
2039 0
2040 0.0228345
2041 0.0226239
2042 0
2043 0
2044 0
2045 0
2046 0
2047 0
2048 0.0293572
2049 0.182345
2050 0.207148
2051 0.0037379
2052 0.240736
2053 0.312208
2054 0.429568
2055 0.490094
2056 0.0110338
2057 0.698872
2058 0.0844913
2059 0.062134
2060 0.0176835
2061 0.943827
2062 0.0109693
2063 0.964821
2064 0.0890314
2065 0.0458157
2066 0.00301708
2067 0
2068 0
2069 0
2070 0
2071 0
2072 0
2073 0
2074 0.0451585
2075 0.0083047
2076 0
2077 0
2078 0
2079 0
2080 0
2081 0
2082 0
2083 0
2084 0.178186
2085 0.188479
2086 0.19309
2087 0.10433
2088 0.0839721
2089 0.0717082
2090 0
2091 0
2092 0
2093 0
2094 0
2095 0.0244664
2096 0.580279
2097 0
2098 0.00140056
2099 0
2100 0
2101 0
2102 0
2103 0
2104 0.00222167
2105 0.0110893
2106 0.196513
2107 0.0107293
2108 0.324331
2109 0.0576725
2110 0.0138507
2111 0.0160693
2112 0.355637
2113 0.426332
2114 0.0510723
2115 0.0289104
2116 0.00376893
2117 0
2118 0
2119 0.0044179
2120 0.354696
2121 0
2122 0.435035
2123 0
2124 0.14554
2125 0.0317477
2126 0.242577
2127 0.094082
2128 0.0600417
2129 0.328108
2130 0.405698
2131 0.45208
2132 0.000840558
2133 0
2134 0
2135 0
2136 0.0694287
2137 0.0641891
2138 0
2139 0
2140 0
2141 0
2142 0.0463766
2143 0
2144 0
2145 0
2146 0
2147 0.0284699
2148 0.166845
2149 0.0112293
2150 0.234445
2151 0.0714143
2152 0.0232981
2153 0.202861
2154 0.269322
2155 0.346486
2156 0.0858948
2157 0.0688343
2158 0.0780162
2159 0.0017027
2160 0
2161 0
2162 0.497665
2163 0
2164 0.0045179
2165 0.574921
2166 0
2167 0.0160572
2168 0.191306
2169 0.318393
2170 0.335633
2171 0.0115293
2172 0.447821
2173 0.0227858
2174 0.0109493
2175 0.0691955
2176 0.0879974
2177 0.16729
2178 0.116118
2179 0.21816
2180 0.0545165
2181 0.0576368
2182 0.231985
2183 0
2184 0
2185 0.0245075
2186 0
2187 0
2188 0.223317
2189 0
2190 0.302089
2191 0
2192 0.00102056
2193 0
2194 0
2195 0
2196 0.00198167
2197 0.0111493
2198 0.20475
2199 0.0412953
2200 0.0825819
2201 0.162551
2202 0.0345737
2203 0.218381
2204 0.0199594
2205 0
2206 0
2207 0.224317
2208 0
2209 0.373876
2210 0
2211 0.399102
2212 0
2213 0.00112056
2214 0
2215 0
2216 0
2217 0
2218 0.00228167
2219 0.0128293
2220 0.272141
2221 0.0977328
2222 0.200435
2223 0.047607
2224 0
2225 0.00444385
2226 0.177424
2227 0.00665946
2228 0.0123942
2229 0.0744305
2230 0.0664698
2231 0.071787
2232 0.118702
2233 0.154578
2234 0.0162972
2235 0.228702
2236 0.402976
2237 0.413043
2238 0.416147
2239 0.0411724
2240 0.323731
2241 0.0108693
2242 0.353709
2243 0.0623273
2244 0.253439
2245 0.0941717
2246 0.0872293
2247 0.0980734
2248 0.0986876
2249 0.0664947
2250 0.133688
2251 0.182892
2252 0.29032
2253 0.296844
2254 0.334403
2255 0.0154172
2256 0.412905
2257 0.477969
2258 0.0213658
2259 0.417565
2260 0.0119293
2261 0.441782
2262 0.0887302
2263 0.0636012
2264 0.0180522
2265 0.354232
2266 0.40528
2267 0.566715
2268 0.63604
2269 0.0208758
2270 0.567294
2271 0.0216354
2272 0.638932
2273 0.0115538
2274 0.0020066
2275 0
2276 0
2277 0
2278 0
2279 0
2280 0
2281 0.786641
2282 0
2283 0.00200167
2284 0
2285 0
2286 0
2287 0
2288 0
2289 0
2290 0
2291 0
2292 0.0114093
2293 0.188391
2294 0.0429204
2295 0.488981
2296 0.056736
2297 0
2298 0
2299 0
2300 0
2301 0
2302 0
2303 0.014312
2304 0.689182
2305 0
2306 0.895025
2307 0
2308 0.00110056
2309 0
2310 0
2311 0
2312 0
2313 0
2314 0
2315 0
2316 0.00218167
2317 0.032454
2318 0.165864
2319 0.0421403
2320 0.0215298
2321 0.326301
2322 0.524259
2323 0.0206958
2324 0.615911
2325 0.0113493
2326 0.00150144
2327 0
2328 0
2329 0
2330 0
2331 0
2332 0
2333 0
2334 0
2335 0
2336 0
2337 0
2338 0
2339 0
2340 0.00191167
2341 0.0109893
2342 0.191423
2343 0.034987
2344 0.0206758
2345 0.450564
2346 0.640855
2347 0.00596801
2348 0
2349 0
2350 0
2351 0
2352 0
2353 0
2354 0.705006
2355 0
2356 0.00211167
2357 0.0109893
2358 0.217672
2359 0.0113293
2360 0.0123293
2361 0.0975677
2362 0.0627383
2363 0.0195433
2364 0
2365 0
2366 0
2367 0
2368 0
2369 0.0220059
2370 0.0821128
2371 0.679787
2372 0
2373 0.143791
2374 0.204003
2375 0.0139755
2376 0.303332
2377 0.352886
2378 0.420817
2379 0.0805081
2380 0.0418388
2381 0
2382 0
2383 0
2384 0
2385 0
2386 0
2387 0
2388 0
2389 0
2390 0
2391 0.573227
2392 0
2393 0.015766
2394 0.892627
2395 0.00536287
2396 0.00197167
2397 0.0571045
2398 0.0585278
2399 0.17755
2400 0.275168
2401 0.0182482
2402 0.464939
2403 0.493073
2404 0.0110693
2405 0.68981
2406 0.0112693
2407 0.0335775
2408 0
2409 0
2410 0
2411 0
2412 0
2413 0.0187082
2414 0
2415 0
2416 0
2417 0
2418 0
2419 0.595762
2420 0
2421 0.649014
2422 0
2423 0.00140056
2424 0
2425 0
2426 0
2427 0
2428 0
2429 0
2430 0.00188167
2431 0.0119293
2432 0.223785
2433 0.236257
2434 0.0462419
2435 0.0177882
2436 0.442663
2437 0.512171
2438 0.0298609
2439 0.0198947
2440 0.0318459
2441 0.36724
2442 0.406823
2443 0.508385
2444 0.528861
2445 0.0123693
2446 0.58581
2447 0.101085
2448 0.0600788
2449 0.0358539
2450 0.447711
2451 0.006846
2452 0
2453 0
2454 0
2455 0
2456 0
2457 0
2458 0.0041179
2459 0.0108093
2460 0.0486287
2461 0.0155892
2462 0.389919
2463 0.0369791
2464 0.0233456
2465 0.277034
2466 0.339302
2467 0.0542249
2468 0.0139319
2469 0.243407
2470 0.315798
2471 0.116879
2472 0.137221
2473 0.107098
2474 0.194839
2475 0.157389
2476 0.167636
2477 0.279938
2478 0.0129362
2479 0.03969
2480 0.00451249
2481 0.388712
2482 0.00192956
2483 0.384917
2484 0.436312
2485 0.206402
2486 0.0110089
2487 0
2488 0
2489 0
2490 0
2491 0.293336
2492 0
2493 0
2494 0
2495 0
2496 0
2497 0
2498 0
2499 0.00989431
2500 0
2501 0.000880558
2502 0
2503 0
2504 0
2505 0.00174167
2506 0.00610552
2507 0.0156159
2508 0.0103562
2509 0
2510 0.043423
2511 0.00428059
2512 0.192341
2513 0.281192
2514 0.313977
2515 0.199324
2516 0.00116136
2517 0
2518 0.202851
2519 0
2520 0.078179
2521 0
2522 0.166543
2523 0
2524 0.00142056
2525 0.177282
2526 0
2527 0.0481259
2528 0.0117182
2529 0
2530 0
2531 0
2532 0
2533 0.0686296
2534 0.0250803
2535 0
2536 0.125518
2537 0.060895
2538 0.0373739
2539 0.00524122
2540 0.194307
2541 0.221342
2542 0.018511
2543 0.307361
2544 0.329242
2545 0.407391
2546 0.446333
2547 0.0125493
2548 0.425106
2549 0.0357291
2550 0.0154772
2551 0.420609
2552 0.438914
2553 0.0358729
2554 0.0188525
2555 0.397394
2556 0.462869
2557 0.557993
2558 0.0114893
2559 0.524263
2560 0.0544456
2561 0.0183682
2562 0.473821
2563 0.540918
2564 0.0360574
2565 0.0183325
2566 0.875368
2567 0.997798
2568 0.0114693
2569 0.985749
2570 0.0117293
2571 0.368026
2572 0.0560159
2573 0.035549
2574 0.328097
2575 0.40305
2576 0.409334
2577 0.00134056
2578 0
2579 0
2580 0
2581 0
2582 0
2583 0
2584 0
2585 0.0133755
2586 0.0101203
2587 0
2588 0
2589 0
2590 0
2591 0
2592 0
2593 0
2594 0
2595 0.116164
2596 0.0213458
2597 0.610355
2598 0
2599 0
2600 0
2601 0
2602 0
2603 0
2604 0
2605 0
2606 0.0207255
2607 0.630681
2608 0
2609 0.0429441
2610 0
2611 0
2612 0
2613 0
2614 0.0132893
2615 0.790248
2616 0
2617 0
2618 0
2619 0
2620 0
2621 0
2622 0
2623 0.0770106
2624 0
2625 0
2626 0
2627 0
2628 0
2629 0
2630 0
2631 0
2632 0
2633 0
2634 0
2635 0
2636 0.0137955
2637 0.275642
2638 0.0314572
2639 0.0191843
2640 0.0457654
2641 0.00591472
2642 0
2643 0
2644 0.0525585
2645 0.450065
2646 0
2647 0.267327
2648 0
2649 0.00176167
2650 0.289158
2651 0.0699633
2652 0.0446898
2653 0
2654 0
2655 0
2656 0.0348588
2657 0.431024
2658 0.103939
2659 0
2660 0
2661 0
2662 0
2663 0.504441
2664 0
2665 0.58272
2666 0
2667 0.714715
2668 0
2669 0.725062
2670 0
2671 0.80764
2672 0
2673 0.0106893
2674 0.811973
2675 0
2676 0
2677 0
2678 0
2679 0
2680 0
2681 0
2682 0
2683 0
2684 0
2685 0
2686 0
2687 0
2688 0
2689 0
2690 0
2691 0
2692 0
2693 0
2694 0
2695 0
2696 0.0176044
2697 0.0725538
2698 0.0754335
2699 0.206341
2700 0.0620342
2701 0.321112
2702 0.0206346
2703 0.0521285
2704 0.015402
2705 0.490449
2706 0.0857917
2707 0.0731376
2708 0.0506466
2709 0.0433063
2710 0.0724405
2711 0
2712 0.03403
2713 0
2714 0.0173682
2715 0.141953
2716 0.00102056
2717 0.184485
2718 0
2719 0.363534
2720 0
2721 0.429774
2722 0
2723 0.00216167
2724 0.0213815
2725 0.170242
2726 0.0321779
2727 0.284341
2728 0.0116093
2729 0.289298
2730 0.0115493
2731 2.26614
2732 0.0847208
2733 0.0622608
2734 0
2735 0.0462699
2736 0
2737 0.0242262
2738 2.14493
2739 0
2740 2.22578
2741 0
2742 4.31781
2743 0
2744 4.35343
2745 0
2746 4.45964
2747 0
2748 0
2749 0
2750 0
2751 0
2752 0
2753 0
2754 0
2755 0
2756 0
2757 0
2758 0
2759 0
2760 0
2761 0
2762 0
2763 0
2764 0
2765 0
2766 0
2767 0
2768 0
2769 0
2770 0
2771 0
2772 0
2773 0
2774 0
2775 0
2776 0
2777 0
2778 0
2779 0
2780 0
2781 0
2782 0
2783 0
2784 0
2785 0
2786 0
2787 0
2788 0
2789 0
2790 0
2791 0
2792 0
2793 0
2794 0
2795 0
2796 0
2797 0
2798 0
2799 0
2800 0
2801 0
2802 0
2803 0
2804 0
2805 0
2806 0
2807 0
2808 0
2809 0
2810 0
2811 0
2812 0
2813 0
2814 0
2815 0
2816 0
2817 0
2818 0
2819 0
2820 0
2821 0
2822 0
2823 0
2824 0
2825 0
2826 0
2827 0
2828 0
2829 0
2830 0
2831 0
2832 0
2833 0
2834 0
2835 0
2836 0
2837 0
2838 0
2839 0
2840 0
2841 0
2842 0
2843 0
2844 0
2845 0
2846 0
2847 0
2848 0
2849 0
2850 0
2851 0
2852 0
2853 0
2854 0
2855 0
2856 0
2857 0
2858 0
2859 0
2860 0
2861 0
2862 0
2863 0
2864 0
2865 0
2866 0
2867 0
2868 0
2869 0
2870 0
2871 0
2872 0
2873 0
2874 0
2875 0
2876 0
2877 0
2878 0
2879 0
2880 0
2881 0
2882 0
2883 0
2884 0
2885 0
2886 0
2887 0
2888 0
2889 0
2890 0
2891 0
2892 0
2893 0
2894 0
2895 0
2896 0
2897 0
2898 3.3967
2899 0
2900 0
2901 0
2902 0
2903 0
2904 0
2905 0
2906 0
2907 0
2908 0
2909 0
2910 0
2911 0
2912 0
2913 0
2914 0
2915 0
2916 0
2917 0
2918 0
2919 0
2920 0
2921 0
2922 0
2923 0
2924 0
2925 0
2926 0
2927 0
2928 0
2929 0
2930 0
2931 0
2932 0
2933 0
2934 0
2935 0
2936 0
2937 0
2938 0
2939 0
2940 0
2941 0
2942 0
2943 0
2944 0
2945 0
2946 0
2947 0
2948 0
2949 0
2950 0
2951 0
2952 0
2953 0
2954 0
2955 0
2956 0
2957 0
2958 0
2959 0
2960 0
2961 0
2962 0
2963 0
2964 0
2965 0
2966 0
2967 0
2968 0
2969 0
2970 0
2971 0
2972 0
2973 0
2974 0
2975 0
2976 0
2977 0
2978 0
2979 0
2980 0
2981 0
2982 0
2983 0
2984 0
2985 0
2986 0
2987 0
2988 0
2989 0
2990 0
2991 0
2992 0
2993 0
2994 0
2995 0
2996 0
2997 0
2998 0
2999 0
3000 0
3001 0
3002 0
3003 0
3004 0
3005 0
3006 0
3007 0
3008 0
3009 0
3010 0
3011 0
3012 0
3013 0
3014 0
3015 0
3016 0
3017 0
3018 0
3019 0
3020 0
3021 0
3022 0
3023 0
3024 0
3025 0
3026 0.000920557
3027 0
3028 0
3029 0
3030 0
3031 0
3032 0
3033 0.00188167
3034 0.0144293
3035 0.185923
3036 0.24141
3037 0.157549
3038 0
3039 0
3040 0
3041 0
3042 0.0786893
3043 0.0704286
3044 0
3045 0
3046 0
3047 0
3048 0.0199384
3049 2.26343
3050 0
3051 2.32016
3052 0
3053 0
3054 0
3055 0
3056 0
3057 0
3058 0
3059 2.42479
3060 0
3061 2.48677
3062 0
3063 2.55727
3064 0
3065 0
3066 0
3067 0
3068 0
3069 0
3070 0
3071 0
3072 0
3073 0
3074 0
3075 0
3076 0
3077 0
3078 0
3079 0
3080 0
3081 0
3082 0
3083 0
3084 0
3085 0
3086 0
3087 0
3088 0
3089 0
3090 0
3091 0
3092 0
3093 0
3094 0
3095 0
3096 0
3097 0
3098 0
3099 0
3100 0
3101 0
3102 0
3103 0
3104 0
3105 0
3106 0
3107 0
3108 0
3109 0
3110 0
3111 0
3112 0
3113 0
3114 0
3115 0
3116 0
3117 0
3118 0
3119 0
3120 0
3121 0
3122 0
3123 0
3124 0
3125 0
3126 0
3127 0
3128 0
3129 0
3130 0
3131 0
3132 0
3133 0
3134 0
3135 0
3136 0
3137 0
3138 0
3139 0
3140 0
3141 0
3142 0
3143 0
3144 0
3145 0
3146 0
3147 0
3148 0
3149 0
3150 0
3151 0
3152 0
3153 0
3154 0
3155 0
3156 0
3157 0
3158 0
3159 0
3160 0
3161 0
3162 0
3163 0
3164 0
3165 0
3166 0
3167 0
3168 0
3169 0
3170 0
3171 0
3172 0
3173 0
3174 0
3175 0
3176 0
3177 0
3178 0
3179 0
3180 0
3181 0
3182 0
3183 0
3184 0
3185 0
3186 0
3187 0
3188 0
3189 0
3190 0
3191 0
3192 0
3193 0
3194 0
3195 0
3196 0
3197 0
3198 0
3199 0
3200 0
3201 0
3202 0
3203 0
3204 0
3205 0
3206 0
3207 0
3208 0
3209 0
3210 0
3211 0
3212 0
3213 0
3214 0
3215 0
3216 0
3217 0
3218 0
3219 0
3220 0
3221 0
3222 0
3223 0
3224 0
3225 0
3226 0
3227 0
3228 0
3229 0
3230 0
3231 0
3232 0
3233 0
3234 0
3235 0
3236 0
3237 0
3238 0
3239 0
3240 0
3241 0
3242 0
3243 0
3244 0
3245 0
3246 0
3247 0
3248 0
3249 0
3250 0
3251 0
3252 0
3253 0
3254 0
3255 0
3256 0
3257 0
3258 0
3259 0
3260 0
3261 0
3262 0
3263 0
3264 0
3265 0
3266 0
3267 0
3268 0
3269 0
3270 0
3271 0
3272 0
3273 0
3274 0
3275 0
3276 0
3277 0
3278 0
3279 0
3280 0
3281 0
3282 0
3283 0
3284 0
3285 0
3286 0
3287 0
3288 0
3289 0
3290 0
3291 0
3292 0
3293 0
3294 0
3295 0
3296 0
3297 0
3298 0
3299 0
3300 0
3301 0
3302 0
3303 0
3304 0
3305 0
3306 0
3307 0
3308 0
3309 0
3310 0
3311 0
3312 0
3313 0
3314 0
3315 0
3316 0
3317 0
3318 0
3319 0
3320 0
3321 0
3322 0
3323 0
3324 0
3325 0
3326 0
3327 0
3328 0
3329 0
3330 0
3331 0
3332 0
3333 0
3334 0
3335 0
3336 0
3337 0
3338 0
3339 0
3340 0
3341 0
3342 0
3343 0
3344 0
3345 0
3346 0
3347 0
3348 0
3349 0
3350 0
3351 0
3352 0
3353 0
3354 0
3355 0
3356 0
3357 0
3358 0
3359 0
3360 0
3361 0
3362 0
3363 0
3364 0
3365 0
3366 0
3367 0
3368 0
3369 0
3370 0
3371 0
3372 0
3373 0
3374 0
3375 0
3376 0
3377 0
3378 0
3379 0
3380 0
3381 0
3382 0
3383 0
3384 0
3385 0
3386 0
3387 0
3388 0
3389 0
3390 0
3391 0
3392 0
3393 0
3394 0
3395 0
3396 0
3397 0
3398 0
3399 0
3400 0
3401 0
3402 0
3403 0
3404 0
3405 0
3406 0
3407 0
3408 0
3409 0
3410 0
3411 0
3412 0
3413 0
3414 0
3415 0
3416 0
3417 0
3418 0
3419 0
3420 0
3421 0
3422 0
3423 0
3424 0
3425 0
3426 0
3427 0
3428 0
3429 0
3430 0
3431 0
3432 0
3433 0
3434 0
3435 0
3436 0
3437 0
3438 0
3439 0
3440 0
3441 0
3442 0
3443 0
3444 0
3445 0
3446 0
3447 0
3448 0
3449 0
3450 0
3451 0
3452 0.00106056
3453 0
3454 0
3455 0
3456 0
3457 0
3458 0
3459 0
3460 0
3461 0.00172167
3462 0.0571196
3463 0.0179082
3464 0.0997385
3465 0.0649892
3466 0.0155817
3467 0.343971
3468 0.412049
3469 0.522777
3470 0.532964
3471 0
3472 0
3473 0
3474 0
3475 0
3476 0
3477 0
3478 0
3479 0
3480 0
3481 0
3482 0
3483 0
3484 0
3485 0.0110893
3486 0.00134056
3487 0
3488 0
3489 0
3490 0
3491 0
3492 0
3493 0.00188167
3494 0.0110493
3495 0.0112093
3496 0.0311926
3497 0.0116293
3498 0.242681
3499 0.0108293
3500 0.284312
3501 0.355121
3502 0.0311628
3503 0.0397474
3504 0.279147
3505 0.307339
3506 0.0110693
3507 0.285639
3508 0.118046
3509 0.129986
3510 0.172471
3511 0.0773207
3512 0.0349907
3513 0.0297604
3514 0.166936
3515 0.172494
3516 0.265941
3517 0.328525
3518 0.399973
3519 0.0981306
3520 0.0320968
3521 0
3522 0
3523 0
3524 0.029433
3525 0
3526 0
3527 0
3528 0.43076
3529 0
3530 0.471858
3531 0
3532 0.628948
3533 0.00142056
3534 0.00178167
3535 0.0120138
3536 0.17708
3537 0.257724
3538 0.0110093
3539 0.40412
3540 0.0607545
3541 0.0197347
3542 0.368279
3543 0.462345
3544 0.0120493
3545 0.615542
3546 0.0209358
3547 0.0109293
3548 0.107821
3549 0.0424532
3550 0.00110056
3551 0
3552 0.10867
3553 0.0183531
3554 0
3555 0
3556 0.40235
3557 0
3558 0.114464
3559 0.166129
3560 0.264747
3561 0.110697
3562 0.382599
3563 0.0626052
3564 0.015697
3565 0.315953
3566 0.383059
3567 0.458731
3568 0.528093
3569 0.0336495
3570 0.0173727
3571 0.551904
3572 0.595164
3573 0.727815
3574 0.0211958
3575 0.745122
3576 0.807418
3577 0.96728
3578 0.0210754
3579 0.972913
3580 1.0392
3581 0.00369042
3582 0
3583 0
3584 0
3585 0
3586 0
3587 0
3588 0
3589 0
3590 0
3591 0
3592 0.0118703
3593 0.0041779
3594 1.09651
3595 0
3596 0.0111893
3597 0.229739
3598 0.0110093
3599 0.345859
3600 0.0127093
3601 0.505934
3602 0.0416124
3603 0.864992
3604 0.0210358
3605 0.437626
3606 0.0122738
3607 0.000840558
3608 0
3609 0
3610 0
3611 0
3612 0
3613 0
3614 0
3615 0
3616 0
3617 0
3618 0.00210167
3619 0.0206718
3620 0.0107693
3621 0.0314524
3622 0.0470016
3623 0
3624 0
3625 0
3626 0
3627 0.0282544
3628 0.0206786
3629 0
3630 0
3631 0
3632 0
3633 0
3634 0.0494036
3635 0
3636 0
3637 0
3638 0
3639 0
3640 0.0241629
3641 0.0122093
3642 0.0118493
3643 0.0112293
3644 0.0104493
3645 0.154845
3646 0.175341
3647 0.270811
3648 0.0984723
3649 0.0527443
3650 0.0344138
3651 0.143325
3652 0.155638
3653 0.233651
3654 0.322042
3655 0.090454
3656 0.0322319
3657 0
3658 0
3659 0.0271227
3660 0
3661 0
3662 0.216222
3663 0
3664 0.333414
3665 0
3666 0.394538
3667 0
3668 0.420274
3669 0.000960558
3670 0.00210167
3671 0.0117493
3672 0.159823
3673 0.0918653
3674 0.0551808
3675 0.0243123
3676 0.250224
3677 0.338327
3678 0.365207
3679 0.100766
3680 0.0502632
3681 0.0218202
3682 0.255491
3683 0.314864
3684 0.365666
3685 0.562245
3686 0.0108893
3687 0.546878
3688 0.0209399
3689 0.618092
3690 0.00298254
3691 0
3692 0
3693 0
3694 0
3695 0
3696 0.0115103
3697 0.0040779
3698 0.259627
3699 0
3700 0.0217318
3701 0.224747
3702 0.0620563
3703 0.01447
3704 0.00580113
3705 0
3706 0
3707 0
3708 0.51048
3709 0
3710 0.014443
3711 0.518508
3712 0
3713 0.0218918
3714 0.299998
3715 0.0113293
3716 0.339197
3717 0.0558909
3718 0.310786
3719 0.00118056
3720 0
3721 0
3722 0
3723 0
3724 0.00421224
3725 0.0134522
3726 0.101021
3727 0.0450268
3728 0.135136
3729 0.0383705
3730 0
3731 0
3732 0.00378459
3733 0.364875
3734 0.0452652
3735 0
3736 0
3737 0.184145
3738 0.369546
3739 0
3740 0.396407
3741 0
3742 0
3743 0.00632036
3744 0.211847
3745 0
3746 0.219408
3747 0
3748 0.230773
3749 0
3750 0.000900558
3751 0
3752 0
3753 0
3754 0.00212167
3755 0.0160577
3756 0.104781
3757 0.033263
3758 0
3759 0
3760 0.0441803
3761 0
3762 0
3763 0
3764 2.05214
3765 0.00456168
3766 0
3767 2.10513
3768 0
3769 2.10558
3770 0
3771 0.085397
3772 0.124067
3773 0.183393
3774 0.262076
3775 0.292919
3776 0.0114074
3777 0
3778 0
3779 0
3780 0
3781 0
3782 2.09808
3783 0
3784 0
3785 0
3786 0
3787 0
3788 2.06146
3789 0
3790 0
3791 0
3792 0
3793 0
3794 0
3795 2.01283
3796 0
3797 0
3798 0
3799 0
3800 0
3801 0
3802 0
3803 0
3804 0
3805 0
3806 0
3807 0
3808 0
3809 1.95442
3810 0
3811 2.17317
3812 0
3813 0
3814 0
3815 0
3816 0
3817 0
3818 0
3819 0
3820 0
3821 0
3822 0
3823 0
3824 0
3825 0
3826 0
3827 0
3828 0
3829 0
3830 0
3831 0
3832 0
3833 0
3834 0
3835 0
3836 0
3837 0
3838 0
3839 0
3840 0
3841 0
3842 0
3843 0
3844 0
3845 0
3846 0
3847 0
3848 0
3849 0
3850 0
3851 0
3852 0
3853 0
3854 0
3855 0
3856 0
3857 0
3858 0
3859 0
3860 0
3861 0
3862 0
3863 0
3864 0
3865 0
3866 0
3867 0
3868 0
3869 0
3870 0
3871 0
3872 0
3873 0
3874 0
3875 0
3876 0
3877 0
3878 0
3879 0
3880 0
3881 0
3882 0
3883 0
3884 0
3885 0
3886 0
3887 0
3888 0
3889 0
3890 0
3891 0
3892 0
3893 0
3894 0
3895 0
3896 0
3897 0
3898 0
3899 0
3900 0
3901 0
3902 0
3903 0
3904 0
3905 0
3906 0
3907 0
3908 0
3909 0
3910 0
3911 0
3912 0
3913 0
3914 0
3915 0
3916 0
3917 0
3918 0
3919 0
3920 0
3921 0
3922 0
3923 0
3924 0
3925 0
3926 0
3927 0
3928 0
3929 0
3930 0
3931 0
3932 0
3933 0
3934 0
3935 0
3936 0
3937 0
3938 0
3939 0
3940 0
3941 0
3942 0
3943 0
3944 0
3945 0
3946 0
3947 0
3948 0
3949 0
3950 0
3951 0
3952 0
3953 0
3954 0
3955 0
3956 0
3957 0
3958 0
3959 0
3960 0
3961 0
3962 0
3963 0
3964 0
3965 0
3966 0
3967 0
3968 0
3969 0
3970 0
3971 0
3972 0
3973 0
3974 0
3975 0
3976 0
3977 0
3978 0
3979 0
3980 0
3981 0
3982 0
3983 0
3984 0
3985 0
3986 0
3987 0
3988 0
3989 0
3990 0
3991 0
3992 0
3993 0
3994 0
3995 0
3996 0
3997 0
3998 0
3999 0
4000 0
4001 0
4002 0
4003 0
4004 0
4005 0
4006 0
4007 0
4008 0
4009 0
4010 0
4011 0
4012 0
4013 0
4014 0
4015 0
4016 0
4017 0
4018 0
4019 0
4020 0
4021 0
4022 0
4023 0
4024 0
4025 0
4026 0
4027 0
4028 0
4029 0
4030 0
4031 0
4032 0
4033 0
4034 0
4035 0
4036 0
4037 0
4038 0
4039 0
4040 0
4041 0
4042 0
4043 0
4044 0
4045 0
4046 0
4047 0
4048 0
4049 0
4050 0
4051 0
4052 0
4053 0.0513853
4054 0
4055 0
4056 0
4057 0
4058 0
4059 0
4060 0
4061 0
4062 0.747349
4063 0
4064 0
4065 0
4066 0
4067 0
4068 0
4069 0
4070 0
4071 0
4072 0
