1 0.00118064
2 0.0011608
3 0.000840743
4 0.00140064
5 0.000860743
6 0.000900746
7 0.0013408
8 62.4029
9 0.00116074
10 0.000880641
11 0.00110063
12 0.000820641
13 0.0010408
14 0.00115663
15 0
16 0
17 0.000840804
18 0.00112074
19 0.000940747
20 59.4029
21 0
22 0.000900641
23 0.00116074
24 0
25 0.0014008
26 0.00145664
27 0.0011208
28 0.00149664
29 0
30 0.000980803
31 0.00107664
32 0.00118075
33 53.4029
34 0.00132064
35 0
36 0.00101256
37 0.00143675
38 0.00107263
39 0.000936804
40 0.00120063
41 0.00105664
42 0.0015528
43 0.0010168
44 0.0015928
45 0.00115264
46 0.00119264
47 0.0012528
48 0
49 0.00145656
50 0.00127675
51 41.4029
52 0.00147675
53 0.00105263
54 0.00132064
55 0.0021344
56 0.00123664
57 0.00131275
58 0.00128056
59 0.00109263
60 0.0012568
61 0.00152063
62 0.0016648
63 0.00129264
64 0
65 0.00101664
66 0.0012728
67 0.00101656
68 0.00143675
69 0.0015168
70 0.00103264
71 0.0013368
72 0.00105664
73 0.00135664
74 0.00154056
75 0.0017208
76 0.00176064
77 0.00147663
78 0
79 0.0012888
80 17.4395
81 0.00122864
82 0.00121275
83 0.0013808
84 0.00120056
85 0
86 0
87 0.0016768
88 0.00195664
89 0
90 0.00125664
91 0.00151664
92 0.00130056
93 0.00195664
94 0.0017808
95 0.00143263
96 0
97 0.00146475
98 0.0013408
99 0.00115275
100 0.00105263
101 0.00708312
102 0.0120493
103 0.0505893
104 0.0116893
105 0.0514493
106 0.138401
107 0.0112893
108 0.148287
109 0.0213958
110 0.071686
111 0.031306
112 0.10709
113 0.106398
114 0.11887
115 0.148351
116 0.0298657
117 0.0199394
118 0.133122
119 0.171555
120 0.168406
121 0.0557159
122 0.049973
123 0.0894011
124 0.0171482
125 0.119793
126 0.213396
127 0.0602123
128 0.0128555
129 0.128315
130 0.201435
131 0.0461007
132 0.0161172
133 0.132733
134 0.0179814
135 0.0124513
136 0.0111493
137 0.0819036
138 0.106607
139 0.0366141
140 0.0789174
141 0.0562776
142 0.0230206
143 0.0634206
144 0.096733
145 0.098621
146 0.056553
147 0.0590121
148 0.0583003
149 0.086216
150 0.0119893
151 0.127539
152 0.0225855
153 0.149768
154 0.0117093
155 0.107302
156 0.0212763
157 0.0220098
158 0.0610755
159 0.110203
160 0.0598965
161 0.0128155
162 0.0625017
163 0.133002
164 0.0211058
165 0.0972119
166 0.185632
167 0.0811558
168 0.0476955
169 0.0775991
170 0.167344
171 0.0354529
172 0.0180525
173 0.128473
174 0.202175
175 0.121844
176 0.0584125
177 0.113308
178 0.0896912
179 0.0504074
180 0.0380863
181 0.0966107
182 0.117033
183 0.187216
184 0.021045
185 0.152127
186 0.0116093
187 0.17679
188 0.0576012
189 0.0253925
190 0.0115093
191 0.0615107
192 0.104897
193 0.0553024
194 0.0782762
195 0.0574459
196 0.0716238
197 0.0536558
198 0.115351
199 0.0855217
200 0.118741
201 0.0228216
202 0.0742022
203 0.143355
204 0.0108693
205 0.199573
206 0.2497
207 0.0112293
208 0.254686
209 0.0116893
210 0.265707
211 0.0610965
212 0.0130955
213 0.191357
214 0.252709
215 0.0108693
216 0.271562
217 0.302025
218 0.0424237
219 0.305015
220 0.0116293
221 0.352948
222 0.0123693
223 0.301302
224 0.0413723
225 0.0228898
226 0.386208
227 0.196571
228 0.38674
229 0.0986474
230 0.0374062
231 0.243563
232 0.203785
233 0.205353
234 0.0580584
235 0.0539401
236 0.0565805
237 0.0488197
238 0.149375
239 0.147246
240 0.183695
241 0.173856
242 0.239396
243 0.0650945
244 0.0584922
245 0.00800766
246 0.0817235
247 0.0182925
248 0.0827946
249 0.107329
250 0.0351236
251 0.116505
252 0.0874156
253 0.116293
254 0.00611768
255 0.0375315
256 0.0809639
257 0.0153572
258 0.167241
259 0.220316
260 0.0112493
261 0.170335
262 0.268905
263 0.063212
264 0.0352663
265 0.170744
266 0.0211747
267 0.172401
268 0.136784
269 0.0824219
270 0.0444183
271 0.116954
272 0.141137
273 0.0132755
274 0.177745
275 0.169371
276 0.0695745
277 0.0475372
278 0.098102
279 0.146694
280 0.0128093
281 0.189809
282 0.0554561
283 0.0142519
284 0.0123743
285 0.0026583
286 0.0344346
287 0.0532493
288 0.147471
289 0.0108693
290 0.112634
291 0.114662
292 0.0380957
293 0.0334884
294 0.0555772
295 0.0112493
296 0.0521093
297 0.0115893
298 0.0511093
299 0.0104893
300 0.0512693
301 0.0115293
302 0.0816286
303 0.106112
304 0.0397007
305 0.0276884
306 0.0836087
307 0.0939908
308 0.0391014
309 0.041111
310 0.085819
311 0.110703
312 0.157675
313 0.0378994
314 0.0177925
315 0.118683
316 0.254032
317 0.266285
318 0.0720198
319 0.129589
320 0.152735
321 0.026629
322 0.0335487
323 0.0376938
324 0.0701884
325 0.112414
326 0.132872
327 0.127043
328 0.122937
329 0.0513788
330 0.0529502
331 0.116786
332 0.0190087
333 0.108902
334 0.107179
335 0.047355
336 0.0243153
337 0.00184063
338 0.00135674
339 0.0512853
340 0.0118693
341 0.0514493
342 0.171143
343 0.0109693
344 0.121177
345 0.202257
346 0.0505715
347 0.0502503
348 0.145641
349 0.0213058
350 0.122923
351 0.13313
352 0.0312311
353 0.022989
354 0.0212163
355 0.0226898
356 0.103495
357 0.139067
358 0.172226
359 0.0702938
360 0.0437286
361 0.0899085
362 0.0126555
363 0.11876
364 0.116768
365 0.0603678
366 0.0132555
367 0.0517053
368 0.0106493
369 0.0508893
370 0.158793
371 0.0111293
372 0.107002
373 0.0303261
374 0.0221853
375 0.0943762
376 0.139623
377 0.163927
378 0.0824261
379 0.0596272
380 0.0881671
381 0.0585773
382 0.105709
383 0.0893178
384 0.0995951
385 0.204178
386 0.0364718
387 0.146173
388 0.132331
389 0.0112893
390 0.198505
391 0.0246953
392 0.0212216
393 0.117703
394 0.170075
395 0.250421
396 0.0559568
397 0.0701449
398 0.202412
399 0.0153972
400 0.203206
401 0.273641
402 0.0108493
403 0.0211658
404 0.0108693
405 0.0107293
406 0.0505693
407 0.140505
408 0.0115538
409 0.12888
410 0.0613478
411 0.0234206
412 0.0747122
413 0.155028
414 0.165095
415 0.0214858
416 0.130867
417 0.0680995
418 0.070253
419 0.0259312
420 0.0720001
421 0.112981
422 0.190119
423 0.252232
424 0.0429837
425 0.206139
426 0.0106293
427 0.309551
428 0.121295
429 0.0624104
430 0.0155334
431 0.171826
432 0.187795
433 0.33447
434 0.175787
435 0.093634
436 0.046647
437 0.179364
438 0.139667
439 0.146662
440 0.042434
441 0.188175
442 0.180135
443 0.181034
444 0.181356
445 0.191343
446 0.082836
447 0.0773438
448 0.0779552
449 0.0833622
450 0.0765199
451 0.0358069
452 0.0821022
453 0.0117693
454 0.0510293
455 0.120628
456 0.0121093
457 0.14028
458 0.264714
459 0.0110893
460 0.208568
461 0.0312823
462 0.117997
463 0.0380214
464 0.0382159
465 0.0283897
466 0.117189
467 0.156198
468 0.213826
469 0.223632
470 0.00169275
471 0.0415184
472 0.255734
473 0.0830031
474 0.0274012
475 0.023843
476 0.176072
477 0.219116
478 0.256204
479 0.238421
480 0.00173836
481 0.0482118
482 0.0646175
483 0.158643
484 0.02667
485 0.154053
486 0.147098
487 0.0112093
488 0.239586
489 0.0364878
490 0.0132024
491 0.137526
492 0.115282
493 0.0308815
494 0.0281833
495 0.0994055
496 0.118117
497 0.0373199
498 0.0177125
499 0.0918547
500 0.102728
501 0.0241493
502 0.023835
503 0.061908
504 0.13416
505 0.175622
506 0.0111493
507 0.0419234
508 0.076796
509 0.142002
510 0.0112293
511 0.258771
512 0.0108493
513 0.20244
514 0.0117693
515 0.187649
516 0.24925
517 0.0803027
518 0.0974523
519 0.0712746
520 0.115878
521 0.20249
522 0.0185482
523 0.0566978
524 0.212187
525 0.319472
526 0.0127538
527 0.262196
528 0.352783
529 0.0017368
530 0.00111674
531 0.0571282
532 0.240067
533 0.204787
534 0.126134
535 0.140381
536 0.158588
537 0.161872
538 0.112391
539 0.120311
540 0.16057
541 0.039979
542 0.0789882
543 0.133947
544 0.200146
545 0.346321
546 0.352883
547 0.016362
548 0.347663
549 0.396509
550 0.0112093
551 0.26105
552 0.0120538
553 0.365452
554 0.407251
555 0.0436452
556 0.0670476
557 0.259857
558 0.0298751
559 0.225201
560 0.292869
561 0.0113093
562 0.31046
563 0.0317216
564 0.294416
565 0.0228858
566 0.286167
567 0.0110293
568 0.295249
569 0.0609878
570 0.0135755
571 0.0434548
572 0.0541909
573 0.0181985
574 0.0517293
575 0.138321
576 0.0114493
577 0.115556
578 0.181612
579 0.265856
580 0.046977
581 0.013426
582 0.195056
583 0.0109693
584 0.232978
585 0.0206358
586 0.149334
587 0.0121093
588 0.185381
589 0.306691
590 0.0232833
591 0.0222705
592 0.224429
593 0.266599
594 0.0123293
595 0.247079
596 0.147133
597 0.124405
598 0.0954979
599 0.0904686
600 0.0790631
601 0.147644
602 0.174666
603 0.194853
604 0.0978473
605 0.108307
606 0.0714309
607 0.139063
608 0.0537137
609 0.146337
610 0.0180325
611 0.206379
612 0.258288
613 0.363404
614 0.0518099
615 0.015872
616 0.297282
617 0.308416
618 0.0211258
619 0.211595
620 0.0108893
621 0.00139275
622 0.0412734
623 0.0332283
624 0.0181282
625 0.0514653
626 0.0114293
627 0.0506693
628 0.171417
629 0.0108693
630 0.122451
631 0.0298617
632 0.0216859
633 0.055286
634 0.144091
635 0.168975
636 0.0106893
637 0.184858
638 0.0358329
639 0.0183925
640 0.148216
641 0.265489
642 0.277861
643 0.0124138
644 0.230988
645 0.0729073
646 0.0479631
647 0.123992
648 0.104814
649 0.10545
650 0.115937
651 0.139531
652 0.0498442
653 0.0616348
654 0.178279
655 0.223305
656 0.238096
657 0.250408
658 0.0942325
659 0.0333688
660 0.145638
661 0.113167
662 0.0788655
663 0.0606888
664 0.0576814
665 0.117974
666 0.15343
667 0.0230358
668 0.218496
669 0.314824
670 0.349569
671 0.397594
672 0.0546952
673 0.0176482
674 0.308151
675 0.289868
676 0.0131693
677 0.314524
678 0.116837
679 0.101084
680 0.0499283
681 0.164728
682 0.0177435
683 0.182663
684 0.26101
685 0.426232
686 0.444123
687 0.105526
688 0.0491329
689 0.0501689
690 0.0201455
691 0.281732
692 0.0519124
693 0.00246017
694 0.357746
695 0.36105
696 0.0128293
697 0.075774
698 0.080287
699 0.135166
700 0.117275
701 0.0396192
702 0.0316385
703 0.0610355
704 0.122865
705 0.0209558
706 0.0937034
707 0.167443
708 0.042512
709 0.134256
710 0.0112293
711 0.18349
712 0.0525699
713 0.013532
714 0.144034
715 0.196732
716 0.25969
717 0.0243988
718 0.0124945
719 0.296966
720 0.0105693
721 0.248151
722 0.0113893
723 0.315409
724 0.0109293
725 0.124508
726 0.265203
727 0.0551795
728 0.101014
729 0.243989
730 0.0347949
731 0.119818
732 0.120065
733 0.132178
734 0.028789
735 0.0379203
736 0.0326731
737 0.126781
738 0.123623
739 0.126385
740 0.0273596
741 0.0222093
742 0.0717573
743 0.174356
744 0.0212558
745 0.0935158
746 0.139617
747 0.0469647
748 0.0674866
749 0.108393
750 0.0259625
751 0.128546
752 0.138793
753 0.0787917
754 0.0299821
755 0.0285739
756 0.0792637
757 0.119817
758 0.217603
759 0.254579
760 0.0579012
761 0.0133907
762 0.221937
763 0.270222
764 0.056136
765 0.0461862
766 0.13527
767 0.110773
768 0.0785297
769 0.0344531
770 0.0299333
771 0.0711533
772 0.137259
773 0.211705
774 0.239102
775 0.0113893
776 0.272138
777 0.0115493
778 0.242848
779 0.0418723
780 0.0165574
781 0.19812
782 0.0459094
783 0.0165572
784 0.0111893
785 0.0535964
786 0.121495
787 0.0111493
788 0.143489
789 0.0111493
790 0.157342
791 0.0207158
792 0.110409
793 0.210649
794 0.0540714
795 0.123803
796 0.106069
797 0.030959
798 0.0307908
799 0.0730842
800 0.143653
801 0.195591
802 0.184347
803 0.0109293
804 0.239884
805 0.0212958
806 0.163726
807 0.0147093
808 0.21714
809 0.0480275
810 0.113531
811 0.0732988
812 0.0662907
813 0.11303
814 0.11885
815 0.079816
816 0.0214563
817 0.0206243
818 0.0717573
819 0.114041
820 0.0321459
821 0.076856
822 0.0115893
823 0.0582633
824 0.0125493
825 0.0511293
826 0.165977
827 0.0134493
828 0.111546
829 0.025113
830 0.0768458
831 0.0529658
832 0.0361789
833 0.0588278
834 0.0109293
835 0.0715973
836 0.104577
837 0.0423235
838 0.0205443
839 0.0837578
840 0.109933
841 0.0458894
842 0.0249934
843 0.0775752
844 0.119699
845 0.178998
846 0.0211058
847 0.220653
848 0.0113693
849 0.213441
850 0.250952
851 0.0113093
852 0.260219
853 0.0438743
854 0.0272743
855 0.146943
856 0.148921
857 0.0114293
858 0.189215
859 0.0518499
860 0.0213643
861 0.126028
862 0.21822
863 0.243312
864 0.0107693
865 0.277177
866 0.0115093
867 0.256056
868 0.0394385
869 0.0510885
870 0.015762
871 0.191344
872 0.0211998
873 0.0121093
874 0.0117093
875 0.0511293
876 0.117248
877 0.0109293
878 0.139961
879 0.0112493
880 0.115396
881 0.0316769
882 0.136861
883 0.157357
884 0.0109893
885 0.164747
886 0.0643758
887 0.105634
888 0.0895088
889 0.0549923
890 0.0706988
891 0.0555421
892 0.127418
893 0.168007
894 0.135825
895 0.189653
896 0.0662952
897 0.0155017
898 0.16422
899 0.186428
900 0.184989
901 0.280737
902 0.0110893
903 0.251134
904 0.0375302
905 0.165094
906 0.226115
907 0.0716423
908 0.0195865
909 0.111833
910 0.00310423
911 0.0461984
912 0.0555365
913 0.0473193
914 0.0638364
915 0.0725913
916 0.0381858
917 0.014406
918 0.0302988
919 0.0945765
920 0.0339866
921 0.0121093
922 0.0510127
923 0.0611999
924 0.0232635
925 0.0701538
926 0.0414682
927 0.0543429
928 0.0732315
929 0.0832388
930 0.0229835
931 0.0712594
932 0.0514952
933 0.0953637
934 0.0570777
935 0.0371534
936 0.0616221
937 0.0718093
938 0.0301619
939 0.0220609
940 0.0632297
941 0.073377
942 0.181025
943 0.199397
944 0.0361186
945 0.0504455
946 0.0713095
947 0.12116
948 0.131474
949 0.106304
950 0.0881525
951 0
952 0.0567872
953 0.124733
954 0.0854645
955 0.0967981
956 0.185094
957 0.263993
958 0
959 0.048416
960 0.0453702
961 0.164709
962 0.211663
963 0.234298
964 0.0458068
965 0.058387
966 0.0802971
967 0.061222
968 0.0960024
969 0.190292
970 0.240114
971 0.0968423
972 0.037663
973 0.133056
974 0.183474
975 0.215593
976 0.0799485
977 0.129304
978 0.131894
979 0.0727454
980 0.122564
981 0.0651285
982 0.08998
983 0.107941
984 0.0765462
985 0.0941825
986 0.024076
987 0.0121093
988 0.0606196
989 0.0827815
990 0.168093
991 0.0245933
992 0.021552
993 0.0929273
994 0.0897976
995 0.0414657
996 0.0564495
997 0.0515776
998 0.0281788
999 0.0601411
1000 0.0115493
1001 0.0309388
1002 0.0842557
1003 0.0331737
1004 0.073145
1005 0.107247
1006 0.171856
1007 0.0290277
1008 0.067372
1009 0.0874156
1010 0.119323
1011 0.0543935
1012 0.0981447
1013 0.0437763
1014 0.0241485
1015 0.0338221
1016 0.106311
1017 0.166866
1018 0.176934
1019 0.0115893
1020 0.161219
1021 0.022982
1022 0.118235
1023 0.0840544
1024 0.115735
1025 0.101664
1026 0.125371
1027 0.0303588
1028 0.124711
1029 0.033085
1030 0.0973495
1031 0.1774
1032 0.00676634
1033 0.0311947
1034 0.122923
1035 0.045659
1036 0.163594
1037 0.108765
1038 0.100764
1039 0.122654
1040 0.052999
1041 0.175018
1042 0.185365
1043 0.204133
1044 0.0416426
1045 0.143226
1046 0.166387
1047 0.044208
1048 0.0484368
1049 0.0756927
1050 0.136689
1051 0.151712
1052 0.185763
1053 0.0389337
1054 0.0226566
1055 0.171802
1056 0.194685
1057 0.293163
1058 0.0238772
1059 0.0175482
1060 0.237173
1061 0.24728
1062 0.369109
1063 0.0728339
1064 0.192904
1065 0.161727
1066 0.0779852
1067 0.0835509
1068 0.0756499
1069 0.154351
1070 0.18712
1071 0.206717
1072 0.278204
1073 0.317814
1074 0.329818
1075 0.123954
1076 0.0602066
1077 0.0624286
1078 0.060433
1079 0.190538
1080 0.209915
1081 0.220082
1082 0.328628
1083 0.368503
1084 0.0957787
1085 0.0758893
1086 0.0637653
1087 0.0700156
1088 0.220832
1089 0.324746
1090 0.332907
1091 0.0405476
1092 0.179287
1093 0.380465
1094 0.365512
1095 0.105391
1096 0.0443231
1097 0.0577554
1098 0.230643
1099 0.20608
1100 0.269916
1101 0.324221
1102 0.0271333
1103 0.148385
1104 0.254647
1105 0.341353
1106 0.0716876
1107 0.0992288
1108 0.163148
1109 0.155227
1110 0.243697
1111 0.05728
1112 0.0620913
1113 0.187673
1114 0.203581
1115 0.213688
1116 0.316304
1117 0.051502
1118 0.119619
1119 0.232767
1120 0.0791673
1121 0.0777265
1122 0.094031
1123 0.158158
1124 0.118052
1125 0.103614
1126 0.0628101
1127 0.0379649
1128 0.0297239
1129 0.040941
1130 0.11745
1131 0.0464858
1132 0.0375379
1133 0.0124893
1134 0.0406058
1135 0.0865278
1136 0.165643
1137 0.018968
1138 0.026342
1139 0.0733308
1140 0.127521
1141 0.173774
1142 0.0543857
1143 0.136792
1144 0.160059
1145 0.0540681
1146 0.0541253
1147 0.0671423
1148 0.0235179
1149 0.0308279
1150 0.0407082
1151 0.106019
1152 0.148218
1153 0.118173
1154 0.0762083
1155 0.109281
1156 0.0512065
1157 0.0739561
1158 0.0326547
1159 0.114567
1160 0.0698244
1161 0.0411858
1162 0.120754
1163 0.130781
1164 0.0281158
1165 0.15916
1166 0.177512
1167 0.238316
1168 0.0401356
1169 0.0322747
1170 0.197443
1171 0.205544
1172 0.0404357
1173 0.147825
1174 0.193683
1175 0.20391
1176 0.0998184
1177 0.0514086
1178 0.117869
1179 0.139677
1180 0.184552
1181 0.241432
1182 0.0672342
1183 0.0924153
1184 0.201131
1185 0.0437337
1186 0.0508763
1187 0.0164755
1188 0.032905
1189 0.0969677
1190 0.127624
1191 0.050891
1192 0.0443523
1193 0.0513821
1194 0.0306188
1195 0.0486068
1196 0.0305788
1197 0.0159772
1198 0.0308988
1199 0.0752059
1200 0.0116883
1201 0.0752551
1202 0.128069
1203 0.0648337
1204 0.0325714
1205 0.0806804
1206 0.0979494
1207 0.0865005
1208 0.0347327
1209 0.0729613
1210 0.0390886
1211 0.0964833
1212 0.0421589
1213 0.0848142
1214 0.155412
1215 0.0738207
1216 0.0988272
1217 0.0580392
1218 0.0996338
1219 0.108086
1220 0.13556
1221 0.0706825
1222 0.154235
1223 0.127008
1224 0.0312188
1225 0.16194
1226 0.0407058
1227 0.103275
1228 0.130153
1229 0.0533337
1230 0.120158
1231 0.0429844
1232 0.0732735
1233 0.0654164
1234 0.0763313
1235 0.0454123
1236 0.0666068
1237 0.0302988
1238 0.0972832
1239 0.0362189
1240 0.0620608
1241 0.0219866
1242 0.0411475
1243 0.0705871
1244 0.0112493
1245 0.0312188
1246 0.0108293
1247 0.0522187
1248 0.0623059
1249 0.0208365
1250 0.0653852
1251 0.0336588
1252 0.0608299
1253 0.0308588
1254 0.068604
1255 0.0306588
1256 0.102718
1257 0.0440284
1258 0.0799473
1259 0.0540883
1260 0.0542589
1261 0.0611407
1262 0.190344
1263 0.0683049
1264 0.154353
1265 0.203141
1266 0.258204
1267 0.0476154
1268 0.190978
1269 0.0621164
1270 0.0657919
1271 0.101459
1272 0.0525926
1273 0.0860316
1274 0.0697507
1275 0.0767671
1276 0.0559248
1277 0.114507
1278 0.0979315
1279 0.154004
1280 0.197333
1281 0.251425
1282 0.0244866
1283 0.0247336
1284 0.224616
1285 0.247148
1286 0.0575248
1287 0.0127864
1288 0.161497
1289 0.246859
1290 0.0352468
1291 0.0644315
1292 0.0449017
1293 0.0877528
1294 0.104778
1295 0.138886
1296 0.0769588
1297 0.139693
1298 0.199011
1299 0.224774
1300 0.0546904
1301 0.0498232
1302 0.196402
1303 0.248747
1304 0.0606773
1305 0.0610466
1306 0.0602411
1307 0.157007
1308 0.0957306
1309 0.116249
1310 0.198191
1311 0.273412
1312 0.0371016
1313 0.0599682
1314 0.0414564
1315 0.15283
1316 0.15008
1317 0.165345
1318 0.244551
1319 0.288827
1320 0.138053
1321 0.076593
1322 0.0945197
1323 0.129901
1324 0.15822
1325 0.243898
1326 0.114746
1327 0.0930538
1328 0.138832
1329 0.14912
1330 0.230482
1331 0.281336
1332 0.253945
1333 0.283251
1334 0.0735748
1335 0.0485179
1336 0.0404969
1337 0.179407
1338 0.206922
1339 0.248189
1340 0.225953
1341 0.255021
1342 0.2468
1343 0.230579
1344 0.232848
1345 0.194523
1346 0.265105
1347 0.0322659
1348 0.0750247
1349 0.0613629
1350 0.073036
1351 0.133251
1352 0.141112
1353 0.115751
1354 0.167408
1355 0.185596
1356 0.0437427
1357 0.146272
1358 0.153261
1359 0.0938797
1360 0.108159
1361 0.150435
1362 0.224363
1363 0.121779
1364 0.170459
1365 0.229414
1366 0.22534
1367 0.153943
1368 0.187189
1369 0.307631
1370 0.216315
1371 0.331881
1372 0.166882
1373 0.0830205
1374 0.096359
1375 0.170994
1376 0.248004
1377 0.268402
1378 0.255407
1379 0.286363
1380 0.0823205
1381 0.150336
1382 0.0415309
1383 0.273318
1384 0.287898
1385 0.351648
1386 0.0655052
1387 0.124911
1388 0.117412
1389 0.247087
1390 0.254868
1391 0.291125
1392 0.0541254
1393 0.224238
1394 0.288068
1395 0.423923
1396 0.115114
1397 0.169243
1398 0.118862
1399 0.15384
1400 0.167137
1401 0.28712
1402 0.320883
1403 0.141601
1404 0.151822
1405 0.2871
1406 0.0773618
1407 0.251098
1408 0.281619
1409 0.398763
1410 0.378543
1411 0.38861
1412 0.511123
1413 0.192505
1414 0.173398
1415 0.141721
1416 0.108801
1417 0.119976
1418 0.0526578
1419 0.270373
1420 0.272066
1421 0.280087
1422 0.408541
1423 0.423734
1424 0.402586
1425 0.0379164
1426 0.0680667
1427 0.0686997
1428 0.391703
1429 0.499833
1430 0.470653
1431 0.0844736
1432 0.102103
1433 0.0907727
1434 0.177471
1435 0.329547
1436 0.476434
1437 0.464708
1438 0.0650672
1439 0.120348
1440 0.11277
1441 0.0020951
1442 0.356872
1443 0.382725
1444 0.413689
1445 0.0437644
1446 0.454761
1447 0.456739
1448 0.00130075
1449 0.0389018
1450 0.0680539
1451 0.0600529
1452 0.386082
1453 0.396449
1454 0.490654
1455 0.498815
1456 0.0605642
1457 0.0465003
1458 0.101247
1459 0.0881709
1460 0.367349
1461 0.468394
1462 0.479427
1463 0.0594737
1464 0.463649
1465 0.484779
1466 0.532506
1467 0.101407
1468 0.097135
1469 0.0736411
1470 0.0763079
1471 0.416659
1472 0.455241
1473 0.434117
1474 0.464627
1475 0.0559876
1476 0.0587571
1477 0.0448925
1478 0.377201
1479 0.407445
1480 0.436924
1481 0.0796706
1482 0.38534
1483 0.395331
1484 0.39833
1485 0.350903
1486 0.315297
1487 0
1488 0.266145
1489 0.258644
1490 0.261443
1491 0.2748
1492 0.254342
1493 0.273587
1494 0.0505527
1495 0.0794099
1496 0.218022
1497 0.177703
1498 0.252176
1499 0.0636167
1500 0.278528
1501 0.323151
1502 0.396488
1503 0.404569
1504 0.41201
1505 0.109923
1506 0.395198
1507 0.426361
1508 0.414185
1509 0.051142
1510 0.409057
1511 0.563719
1512 0.0305668
1513 0.0580649
1514 0.25428
1515 0.183373
1516 0.22657
1517 0.218709
1518 0.24527
1519 0.0332846
1520 0.162269
1521 0.0652709
1522 0.19876
1523 0.209128
1524 0.259019
1525 0.334153
1526 0.374811
1527 0.380421
1528 0.391695
1529 0.431083
1530 0.438964
1531 0.462335
1532 0.503874
1533 0.514262
1534 0.0659985
1535 0.0397154
1536 0.0942265
1537 0.406084
1538 0.429213
1539 0.483579
1540 0.0382241
1541 0.44127
1542 0.072451
1543 0.0338395
1544 0.11881
1545 0.393359
1546 0.634666
1547 0.642727
1548 0.0559785
1549 0.0407398
1550 0.0326988
1551 0.601469
1552 0.642249
1553 0.664245
1554 0.710632
1555 0.110277
1556 0.140466
1557 0.165145
1558 0.181157
1559 0.285025
1560 0.232666
1561 0.212482
1562 0.200382
1563 0.430525
1564 0.51299
1565 0.528587
1566 0.538614
1567 0.00202611
1568 0.458015
1569 0.511568
1570 0.526901
1571 0.550569
1572 0.605981
1573 0.0313426
1574 0.0233817
1575 0.593003
1576 0.63442
1577 0.0523142
1578 0.025942
1579 0.54524
1580 0.658631
1581 0.218932
1582 0.274527
1583 0.263333
1584 0.00134475
1585 0.182855
1586 0.221613
1587 0.256984
1588 0.212853
1589 0.429583
1590 0.15946
1591 0.0658624
1592 0.120058
1593 0.397432
1594 0.457668
1595 0.508955
1596 0.497574
1597 0.0285115
1598 0.472673
1599 0.483847
1600 0.518464
1601 0.526525
1602 0.596497
1603 0.631048
1604 0.0114083
1605 0.602141
1606 0.654148
1607 0.0458622
1608 0.0538949
1609 0.0478873
1610 0.0514942
1611 0.447061
1612 0.492088
1613 0.534902
1614 0.555784
1615 0.039784
1616 0.0371416
1617 0.442435
1618 0.401507
1619 0.454967
1620 0.445419
1621 0.411163
1622 0.403542
1623 0.335895
1624 0.331434
1625 0.32042
1626 0.29753
1627 0.289709
1628 0.246688
1629 0.206061
1630 0.187244
1631 0.052939
1632 0.107458
1633 0.146896
1634 0.193007
1635 0.196928
1636 0.22488
1637 0.240935
1638 0.373298
1639 0.415165
1640 0.456353
1641 0.266709
1642 0.432841
1643 0.541672
1644 0.317533
1645 0.533053
1646 0.587137
1647 0.657594
1648 0.698967
1649 0.757956
1650 0.0233277
1651 0.686104
1652 0.212245
1653 0.047808
1654 0.621487
1655 0.673993
1656 0.103939
1657 0.597637
1658 0.0616522
1659 0.561665
1660 0.694138
1661 0.0390778
1662 0.0276241
1663 0.67077
1664 0.703957
1665 0.790558
1666 0.783238
1667 0.83909
1668 0.0901559
1669 0.085961
1670 0.0317574
1671 0.733491
1672 0.764914
1673 0.807358
1674 0.0658962
1675 0.0936123
1676 0.177744
1677 0.167452
1678 0.651161
1679 0.680102
1680 0.0558009
1681 0.0899225
1682 0.0577507
1683 0.0892015
1684 0.0785003
1685 0.580849
1686 0.587768
1687 0.638183
1688 0.661882
1689 0.679718
1690 0.830337
1691 0.0893773
1692 0.0686217
1693 0.0503349
1694 0.714698
1695 0.78385
1696 0.0609736
1697 0.0687676
1698 0.0533264
1699 0.668728
1700 0.718863
1701 0.764921
1702 0.80648
1703 0.281325
1704 0.314076
1705 0.292374
1706 0.283051
1707 0.256116
1708 0.232945
1709 0.235335
1710 0.18464
1711 0.163187
1712 0.46556
1713 0.554301
1714 0.0404454
1715 0.500114
1716 0.636487
1717 0.634437
1718 0.735446
1719 0.73633
1720 0.73356
1721 0.768215
1722 0.813322
1723 0.0363644
1724 0.0442475
1725 0.75077
1726 0.845745
1727 0.095344
1728 0.106943
1729 0.116166
1730 0.0779517
1731 0.158168
1732 0.678611
1733 0.688638
1734 0.0750396
1735 0.128972
1736 0.651828
1737 0.679138
1738 0.0716431
1739 0.0845939
1740 0.528167
1741 0.58264
1742 0.605537
1743 0.666849
1744 0.0178081
1745 0.0453332
1746 0.0478427
1747 0.0122181
1748 0.00334712
1749 0.00525407
1750 0.591251
1751 0.66214
1752 0.0633082
1753 0.15827
1754 0.150289
1755 0.0684211
1756 0.0440616
1757 0.435077
1758 0.445244
1759 0.513309
1760 0.531824
1761 0.564216
1762 0.07789
1763 0.0999353
1764 0.0918943
1765 0.148859
1766 0.115891
1767 0.10803
1768 0.418347
1769 0.0555629
1770 0.0394892
1771 0.0488972
1772 0.047307
1773 0.0537834
1774 0.0457824
1775 0.0377414
1776 0.0322504
1777 0.0134755
1778 0.0368038
1779 0.0174882
1780 0.0512527
1781 0.0613999
1782 0.0282945
1783 0.0993931
1784 0.0308388
1785 0.0739951
1786 0.130678
1787 0.0678711
1788 0
1789 0.0689067
1790 0.0907421
1791 0.125217
1792 0.142237
1793 0.0210877
1794 0.118635
1795 0.128942
1796 0.0387743
1797 0.0626664
1798 0.137161
1799 0.0680973
1800 0.0532327
1801 0.0866513
1802 0.202256
1803 0.212643
1804 0.0859359
1805 0.0379339
1806 0.175835
1807 0.207945
1808 0.328508
1809 0.342738
1810 0.355296
1811 0.0359311
1812 0.0586346
1813 0.297882
1814 0.308229
1815 0.353782
1816 0.459181
1817 0.0458373
1818 0.0479809
1819 0.368775
1820 0.378762
1821 0.0479885
1822 0.0772651
1823 0.0669735
1824 0.245055
1825 0.0645739
1826 0.0902419
1827 0.242334
1828 0.381182
1829 0.0566634
1830 0.352025
1831 0.3983
1832 0.410045
1833 0.0654163
1834 0.0887493
1835 0.0810083
1836 0.116491
1837 0.0934941
1838 0.0782348
1839 0.261463
1840 0.269324
1841 0.279372
1842 0.243969
1843 0.400005
1844 0.446719
1845 0.0319074
1846 0.162883
1847 0.376387
1848 0.10713
1849 0.0953704
1850 0.106917
1851 0.0845696
1852 0.101386
1853 0.137934
1854 0.267523
1855 0.298792
1856 0.37589
1857 0.356089
1858 0.419624
1859 0.486688
1860 0.454703
1861 0.0490854
1862 0.0669417
1863 0.461229
1864 0.0610602
1865 0.126501
1866 0.401605
1867 0.434171
1868 0.467658
1869 0.049051
1870 0.510054
1871 0.0343783
1872 0.0228646
1873 0.46532
1874 0.478839
1875 0.49222
1876 0.0449937
1877 0.0358104
1878 0.0441239
1879 0.344099
1880 0.528827
1881 0.519383
1882 0.0754809
1883 0.0845549
1884 0.0774782
1885 0.06823
1886 0.430947
1887 0.451425
1888 0.486767
1889 0.496448
1890 0.0752762
1891 0.0740022
1892 0.0685476
1893 0.083441
1894 0.111288
1895 0.395469
1896 0.428286
1897 0.461491
1898 0.403063
1899 0.52251
1900 0.553553
1901 0.0301618
1902 0.0315248
1903 0.459938
1904 0.534228
1905 0.0616214
1906 0.110149
1907 0.0761553
1908 0.074562
1909 0.0728345
1910 0.0581417
1911 0.101955
1912 0.26905
1913 0.311775
1914 0.332193
1915 0.381792
1916 0.0835591
1917 0.0662399
1918 0.0688495
1919 0.236011
1920 0.299244
1921 0.296674
1922 0.0499667
1923 0.022022
1924 0.124063
1925 0.105811
1926 0.0583385
1927 0.0446267
1928 0.0230235
1929 0.0220705
1930 0.0305988
1931 0.0746976
1932 0.0649472
1933 0.0624365
1934 0.0306188
1935 0.0752331
1936 0.0132955
1937 0.106533
1938 0.192556
1939 0.206073
1940 0.237446
1941 0.0752796
1942 0.0279486
1943 0.141035
1944 0.262371
1945 0.0266125
1946 0.0669448
1947 0.166477
1948 0.176484
1949 0.061122
1950 0.0681641
1951 0.213218
1952 0.198096
1953 0.197043
1954 0.0393196
1955 0.0520639
1956 0.209203
1957 0.163396
1958 0.155557
1959 0.11874
1960 0.225177
1961 0.211226
1962 0.231941
1963 0.214773
1964 0.032585
1965 0.0753413
1966 0.105208
1967 0.0465516
1968 0.160797
1969 0.161773
1970 0.032445
1971 0.0729176
1972 0.0540681
1973 0.0551615
1974 0.121551
1975 0.133184
1976 0.194779
1977 0.237095
1978 0.234789
1979 0.284693
1980 0.0395679
1981 0.0628313
1982 0.202053
1983 0.225006
1984 0.359536
1985 0.33278
1986 0.0218733
1987 0.293258
1988 0.159458
1989 0.141052
1990 0.066552
1991 0.085377
1992 0.0899435
1993 0.221514
1994 0.264604
1995 0.280746
1996 0.310655
1997 0.0490896
1998 0.0637922
1999 0.0668113
2000 0.318738
2001 0.331998
2002 0.321628
2003 0.314906
2004 0.353752
2005 0.0956819
2006 0.0630143
2007 0.0673505
2008 0.327561
2009 0.0663398
2010 0.372239
2011 0.390314
2012 0.371543
2013 0.0999704
2014 0.115578
2015 0.103104
2016 0.0947835
2017 0.137278
2018 0.117522
2019 0.296476
2020 0.330403
2021 0.37169
2022 0.392724
2023 0.0532848
2024 0.350584
2025 0.0718631
2026 0.0388934
2027 0.0687041
2028 0.250605
2029 0.283411
2030 0.338236
2031 0.365545
2032 0.477555
2033 0.28654
2034 0.298811
2035 0.0949146
2036 0.15046
2037 0.199795
2038 0.188681
2039 0.158241
2040 0.105582
2041 0.197926
2042 0.136449
2043 0.219273
2044 0.223003
2045 0.345675
2046 0.361418
2047 0.43016
2048 0.464581
2049 0.497647
2050 0.0287789
2051 0.435092
2052 0.0472937
2053 0.0404586
2054 0.0461654
2055 0.290643
2056 0.319803
2057 0.344359
2058 0.379151
2059 0.0310656
2060 0.0178286
2061 0.281566
2062 0.303417
2063 0.327902
2064 0.00639066
2065 0.0808067
2066 0.242818
2067 0.209773
2068 0.169544
2069 0.161844
2070 0.136089
2071 0.11388
2072 0.0816147
2073 0.0737345
2074 0.0519449
2075 0.0409989
2076 0.0708858
2077 0.102915
2078 0.151471
2079 0.0379392
2080 0.196745
2081 0.204645
2082 0.312065
2083 0.320205
2084 0.327766
2085 0.335806
2086 0.343766
2087 0.340374
2088 0.0920543
2089 0.120515
2090 0.0939532
2091 0.185421
2092 0.183211
2093 0.0745531
2094 0.0853772
2095 0.135399
2096 0.289329
2097 0.282046
2098 0.286392
2099 0.0551753
2100 0.139025
2101 0.169535
2102 0.179722
2103 0.220754
2104 0.223244
2105 0.231584
2106 0.224933
2107 0.14325
2108 0.122253
2109 0.120643
2110 0.0872974
2111 0.0787771
2112 0.0752195
2113 0.100525
2114 0.135575
2115 0.186278
2116 0.213583
2117 0.250353
2118 0.274372
2119 0.282333
2120 0.289454
2121 0.352622
2122 0.376325
2123 0.404847
2124 0.428587
2125 0.0885544
2126 0.174621
2127 0.147122
2128 0.12493
2129 0.0662335
2130 0.0804392
2131 0.0562195
2132 0.05049
2133 0.0407855
2134 0.227354
2135 0.257964
2136 0.288273
2137 0.2985
2138 0.320632
2139 0.344449
2140 0.368569
2141 0.384809
2142 0.398938
2143 0.105137
2144 0.0967814
2145 0.209267
2146 0.288551
2147 0.223304
2148 0.197533
2149 0.374533
2150 0.380033
2151 0.426172
2152 0.433447
2153 0.41517
2154 0.432534
2155 0.470989
2156 0.0626846
2157 0.125754
2158 0.136241
2159 0.146288
2160 0.171103
2161 0.186664
2162 0.398337
2163 0.337535
2164 0.412405
2165 0.447012
2166 0.43659
2167 0.418759
2168 0.0368377
2169 0.0524802
2170 0.367555
2171 0.502298
2172 0.0354926
2173 0.448143
2174 0.0323658
2175 0.0610496
2176 0.0819277
2177 0.425632
2178 0.398513
2179 0.379822
2180 0.0413387
2181 0.0820551
2182 0.109731
2183 0.144409
2184 0.33422
2185 0.300133
2186 0.273618
2187 0.0600126
2188 0.090522
2189 0.24563
2190 0.111371
2191 0.151988
2192 0.162019
2193 0.202041
2194 0.178142
2195 0.145623
2196 0.12366
2197 0.119501
2198 0.145848
2199 0.151695
2200 0.189113
2201 0.206425
2202 0.235047
2203 0.255013
2204 0.278693
2205 0.327022
2206 0.337049
2207 0.364239
2208 0.393001
2209 0.436955
2210 0.439145
2211 0.448334
2212 0.466571
2213 0.0218292
2214 0.0170256
2215 0.445151
2216 0.48447
2217 0.0999298
2218 0.107657
2219 0.170418
2220 0.260657
2221 0.292967
2222 0.0556624
2223 0.262124
2224 0.267975
2225 0.00181933
2226 0.244682
2227 0.26076
2228 0.29742
2229 0.320907
2230 0.230029
2231 0.26488
2232 0.255164
2233 0.120079
2234 0.130206
2235 0.174227
2236 0.184634
2237 0.257217
2238 0.267364
2239 0.384417
2240 0.282135
2241 0.290059
2242 0.284144
2243 0.30893
2244 0.433488
2245 0.207188
2246 0.405195
2247 0.405686
2248 0.183461
2249 0.343707
2250 0.337774
2251 0.311498
2252 0.29709
2253 0.262898
2254 0.257148
2255 0.253251
2256 0.0622396
2257 0.0723468
2258 0.133337
2259 0.143344
2260 0.153371
2261 0.182761
2262 0.174681
2263 0.122607
2264 0.121159
2265 0.11593
2266 0.149237
2267 0.173047
2268 0.208682
2269 0.207891
2270 0.238439
2271 0.254783
2272 0.290885
2273 0.345626
2274 0.369436
2275 0.395347
2276 0.399005
2277 0.399936
2278 0.428638
2279 0.473636
2280 0.475204
2281 0.500876
2282 0.166078
2283 0.312381
2284 0.40625
2285 0.39835
2286 0.448742
2287 0.515361
2288 0.477052
2289 0.419154
2290 0.395165
2291 0.368068
2292 0.360088
2293 0.437518
2294 0.424988
2295 0.413628
2296 0.405668
2297 0.387051
2298 0.0330458
2299 0.0638751
2300 0.114702
2301 0.139579
2302 0.172282
2303 0.337295
2304 0.322972
2305 0.28788
2306 0.281821
2307 0.291944
2308 1.04611
2309 1.05866
2310 0.134315
2311 0.141109
2312 0.191933
2313 0.204335
2314 0.214841
2315 0.013666
2316 0.0492344
2317 0.0509766
2318 0.119091
2319 0.129278
2320 0.0970898
2321 0.127593
2322 0.125848
2323 0.88633
2324 0.884333
2325 1.92799
2326 3.98422
2327 6.95527
2328 0.00174075
2329 0.0010568
2330 0.0012448
2331 0.0193916
2332 0.021168
2333 6.17528
2334 6.16095
2335 0
2336 5.10095
2337 0.00182064
2338 2.98095
2339 0.00149274
2340 0.00154463
2341 0.0513253
2342 0.0068788
2343 0.0503493
2344 0.115964
2345 0.0840518
2346 0.0510164
2347 0.00325262
2348 0.082719
2349 0.0066188
2350 0.0948907
2351 0.0377519
2352 0.020702
2353 0.0681685
2354 0.147618
2355 0.175536
2356 0.0119988
2357 0.170784
2358 0.111132
2359 0.154573
2360 0.105796
2361 0.0810886
2362 0.121002
2363 0.0192359
2364 0.185143
2365 0.193391
2366 0.22487
2367 0.0082588
2368 0.276201
2369 0.0068788
2370 0.136069
2371 0.125256
2372 0.0739459
2373 0.0461046
2374 0.126007
2375 0.190731
2376 0.020593
2377 0.0151037
2378 0.20662
2379 0.245957
2380 0.0135388
2381 0.169763
2382 0.130245
2383 0.102881
2384 0.0729978
2385 0.0529293
2386 0.0115724
2387 0.0014928
2388 0.00175264
2389 0.0018968
2390 0.00160875
2391 0.00144064
2392 0.0512253
2393 0.0068388
2394 0.0509693
2395 0.113712
2396 0.0844018
2397 0.09142
2398 0.0611155
2399 0.133729
2400 0.0315994
2401 0.102244
2402 0.027466
2403 0.106467
2404 0.139836
2405 0.0143188
2406 0.201574
2407 0.0524831
2408 0.0236718
2409 0.114512
2410 0.183166
2411 0.249036
2412 0.0575439
2413 0.0164426
2414 0.172071
2415 0.250903
2416 0.117523
2417 0.0567917
2418 0.0175943
2419 0.160997
2420 0.179876
2421 0.21875
2422 0.24433
2423 0.164423
2424 0.0846343
2425 0.0678022
2426 0.0485411
2427 0.0968685
2428 0.115776
2429 0.206983
2430 0.239228
2431 0.104015
2432 0.0841626
2433 0.0908795
2434 0.130882
2435 0.120856
2436 0.0726099
2437 0.104111
2438 0.0636876
2439 0.0660225
2440 0.0070988
2441 0.0813086
2442 0.128321
2443 0.0064788
2444 0.0803889
2445 0.0274463
2446 0.0707225
2447 0.0069188
2448 0.0998341
2449 0.161142
2450 0.0385485
2451 0.158321
2452 0.0067788
2453 0.167784
2454 0.106497
2455 0.138854
2456 0.0722274
2457 0.113537
2458 0.122253
2459 0.109679
2460 0.139325
2461 0.0515737
2462 0.0301204
2463 0.0204578
2464 0.0838352
2465 0.0544624
2466 0.138405
2467 0.0205868
2468 0.113167
2469 0.168688
2470 0.347114
2471 0.409478
2472 0.052376
2473 0.0703738
2474 0.309976
2475 0.0152527
2476 0.267117
2477 0.274917
2478 0.0665503
2479 0.0689236
2480 0.0981662
2481 0.0847686
2482 0.0944294
2483 0.0959931
2484 0.0981786
2485 0.0667156
2486 0.100602
2487 0.11091
2488 0.127416
2489 0.129554
